Midpoint LowerLim UpperLim Count ProbabilityDensity
-2.155 -2.16 0.01 0 0
-2.145 -2.15 0.02 1 3.67578e-07
-2.135 -2.14 0.03 0 0
-2.125 -2.13 0.04 1 3.67578e-07
-2.115 -2.12 0.05 0 0
-2.105 -2.11 0.06 0 0
-2.095 -2.1 0.07 0 0
-2.085 -2.09 0.08 0 0
-2.075 -2.08 0.09 0 0
-2.065 -2.07 0.1 0 0
-2.055 -2.06 0.11 0 0
-2.045 -2.05 0.12 0 0
-2.035 -2.04 0.13 0 0
-2.025 -2.03 0.14 0 0
-2.015 -2.02 0.15 0 0
-2.005 -2.01 0.16 0 0
-1.995 -2 0.17 0 0
-1.985 -1.99 0.18 0 0
-1.975 -1.98 0.19 0 0
-1.965 -1.97 0.2 0 0
-1.955 -1.96 0.21 0 0
-1.945 -1.95 0.22 0 0
-1.935 -1.94 0.23 0 0
-1.925 -1.93 0.24 1 3.67578e-07
-1.915 -1.92 0.25 0 0
-1.905 -1.91 0.26 0 0
-1.895 -1.9 0.27 0 0
-1.885 -1.89 0.28 0 0
-1.875 -1.88 0.29 1 3.67578e-07
-1.865 -1.87 0.3 0 0
-1.855 -1.86 0.31 1 3.67578e-07
-1.845 -1.85 0.32 1 3.67578e-07
-1.835 -1.84 0.33 0 0
-1.825 -1.83 0.34 0 0
-1.815 -1.82 0.35 0 0
-1.805 -1.81 0.36 0 0
-1.795 -1.8 0.37 0 0
-1.785 -1.79 0.38 0 0
-1.775 -1.78 0.39 0 0
-1.765 -1.77 0.4 0 0
-1.755 -1.76 0.41 0 0
-1.745 -1.75 0.42 1 3.67578e-07
-1.735 -1.74 0.43 0 0
-1.725 -1.73 0.44 1 3.67578e-07
-1.715 -1.72 0.45 0 0
-1.705 -1.71 0.46 1 3.67578e-07
-1.695 -1.7 0.47 1 3.67578e-07
-1.685 -1.69 0.48 0 0
-1.675 -1.68 0.49 1 3.67578e-07
-1.665 -1.67 0.5 0 0
-1.655 -1.66 0.51 2 7.35157e-07
-1.645 -1.65 0.52 0 0
-1.635 -1.64 0.53 0 0
-1.625 -1.63 0.54 0 0
-1.615 -1.62 0.55 0 0
-1.605 -1.61 0.56 0 0
-1.595 -1.6 0.57 0 0
-1.585 -1.59 0.58 0 0
-1.575 -1.58 0.59 2 7.35157e-07
-1.565 -1.57 0.6 2 7.35157e-07
-1.555 -1.56 0.61 1 3.67578e-07
-1.545 -1.55 0.62 1 3.67578e-07
-1.535 -1.54 0.63 1 3.67578e-07
-1.525 -1.53 0.64 2 7.35157e-07
-1.515 -1.52 0.65 0 0
-1.505 -1.51 0.66 1 3.67578e-07
-1.495 -1.5 0.67 1 3.67578e-07
-1.485 -1.49 0.68 0 0
-1.475 -1.48 0.69 1 3.67578e-07
-1.465 -1.47 0.7 1 3.67578e-07
-1.455 -1.46 0.71 0 0
-1.445 -1.45 0.72 0 0
-1.435 -1.44 0.73 0 0
-1.425 -1.43 0.74 1 3.67578e-07
-1.415 -1.42 0.75 1 3.67578e-07
-1.405 -1.41 0.76 0 0
-1.395 -1.4 0.77 0 0
-1.385 -1.39 0.78 1 3.67578e-07
-1.375 -1.38 0.79 0 0
-1.365 -1.37 0.8 2 7.35157e-07
-1.355 -1.36 0.81 3 1.10274e-06
-1.345 -1.35 0.82 1 3.67578e-07
-1.335 -1.34 0.83 2 7.35157e-07
-1.325 -1.33 0.84 1 3.67578e-07
-1.315 -1.32 0.85 1 3.67578e-07
-1.305 -1.31 0.86 1 3.67578e-07
-1.295 -1.3 0.87 1 3.67578e-07
-1.285 -1.29 0.88 1 3.67578e-07
-1.275 -1.28 0.89 2 7.35157e-07
-1.265 -1.27 0.9 2 7.35157e-07
-1.255 -1.26 0.91 1 3.67578e-07
-1.245 -1.25 0.92 0 0
-1.235 -1.24 0.93 3 1.10274e-06
-1.225 -1.23 0.94 2 7.35157e-07
-1.215 -1.22 0.95 2 7.35157e-07
-1.205 -1.21 0.96 2 7.35157e-07
-1.195 -1.2 0.97 3 1.10274e-06
-1.185 -1.19 0.98 2 7.35157e-07
-1.175 -1.18 0.99 7 2.57305e-06
-1.165 -1.17 1 0 0
-1.155 -1.16 1.01 3 1.10274e-06
-1.145 -1.15 1.02 2 7.35157e-07
-1.135 -1.14 1.03 2 7.35157e-07
-1.125 -1.13 1.04 6 2.20547e-06
-1.115 -1.12 1.05 0 0
-1.105 -1.11 1.06 3 1.10274e-06
-1.095 -1.1 1.07 3 1.10274e-06
-1.085 -1.09 1.08 3 1.10274e-06
-1.075 -1.08 1.09 0 0
-1.065 -1.07 1.1 5 1.83789e-06
-1.055 -1.06 1.11 9 3.30821e-06
-1.045 -1.05 1.12 6 2.20547e-06
-1.035 -1.04 1.13 6 2.20547e-06
-1.025 -1.03 1.14 8 2.94063e-06
-1.015 -1.02 1.15 9 3.30821e-06
-1.005 -1.01 1.16 7 2.57305e-06
-0.995 -1 1.17 3 1.10274e-06
-0.985 -0.99 1.18 8 2.94063e-06
-0.975 -0.98 1.19 7 2.57305e-06
-0.965 -0.97 1.2 4 1.47031e-06
-0.955 -0.96 1.21 2 7.35157e-07
-0.945 -0.95 1.22 11 4.04336e-06
-0.935 -0.94 1.23 12 4.41094e-06
-0.925 -0.93 1.24 15 5.51368e-06
-0.915 -0.92 1.25 6 2.20547e-06
-0.905 -0.91 1.26 14 5.1461e-06
-0.895 -0.9 1.27 11 4.04336e-06
-0.885 -0.89 1.28 13 4.77852e-06
-0.875 -0.88 1.29 15 5.51368e-06
-0.865 -0.87 1.3 9 3.30821e-06
-0.855 -0.86 1.31 8 2.94063e-06
-0.845 -0.85 1.32 14 5.1461e-06
-0.835 -0.84 1.33 12 4.41094e-06
-0.825 -0.83 1.34 18 6.61641e-06
-0.815 -0.82 1.35 19 6.98399e-06
-0.805 -0.81 1.36 27 9.92462e-06
-0.795 -0.8 1.37 19 6.98399e-06
-0.785 -0.79 1.38 21 7.71915e-06
-0.775 -0.78 1.39 32 1.17625e-05
-0.765 -0.77 1.4 28 1.02922e-05
-0.755 -0.76 1.41 22 8.08672e-06
-0.745 -0.75 1.42 30 1.10274e-05
-0.735 -0.74 1.43 31 1.13949e-05
-0.725 -0.73 1.44 29 1.06598e-05
-0.715 -0.72 1.45 38 1.3968e-05
-0.705 -0.71 1.46 45 1.6541e-05
-0.695 -0.7 1.47 46 1.69086e-05
-0.685 -0.69 1.48 36 1.32328e-05
-0.675 -0.68 1.49 41 1.50707e-05
-0.665 -0.67 1.5 49 1.80113e-05
-0.655 -0.66 1.51 50 1.83789e-05
-0.645 -0.65 1.52 56 2.05844e-05
-0.635 -0.64 1.53 58 2.13195e-05
-0.625 -0.63 1.54 51 1.87465e-05
-0.615 -0.62 1.55 65 2.38926e-05
-0.605 -0.61 1.56 95 3.49199e-05
-0.595 -0.6 1.57 90 3.30821e-05
-0.585 -0.59 1.58 110 4.04336e-05
-0.575 -0.58 1.59 96 3.52875e-05
-0.565 -0.57 1.6 107 3.93309e-05
-0.555 -0.56 1.61 115 4.22715e-05
-0.545 -0.55 1.62 140 5.1461e-05
-0.535 -0.54 1.63 187 6.87372e-05
-0.525 -0.53 1.64 172 6.32235e-05
-0.515 -0.52 1.65 194 7.13102e-05
-0.505 -0.51 1.66 220 8.08672e-05
-0.495 -0.5 1.67 222 8.16024e-05
-0.485 -0.49 1.68 216 7.93969e-05
-0.475 -0.48 1.69 302 0.000111009
-0.465 -0.47 1.7 321 0.000117993
-0.455 -0.46 1.71 369 0.000135636
-0.445 -0.45 1.72 390 0.000143356
-0.435 -0.44 1.73 492 0.000180849
-0.425 -0.43 1.74 537 0.00019739
-0.415 -0.42 1.75 662 0.000243337
-0.405 -0.41 1.76 694 0.000255099
-0.395 -0.4 1.77 812 0.000298474
-0.385 -0.39 1.78 912 0.000335232
-0.375 -0.38 1.79 1082 0.00039772
-0.365 -0.37 1.8 1198 0.000440359
-0.355 -0.36 1.81 1418 0.000521226
-0.345 -0.35 1.82 1666 0.000612386
-0.335 -0.34 1.83 1855 0.000681858
-0.325 -0.33 1.84 2269 0.000834035
-0.315 -0.32 1.85 2599 0.000955336
-0.305 -0.31 1.86 2909 0.00106929
-0.295 -0.3 1.87 3370 0.00123874
-0.285 -0.29 1.88 3813 0.00140158
-0.275 -0.28 1.89 4703 0.00172872
-0.265 -0.27 1.9 5432 0.00199669
-0.255 -0.26 1.91 6305 0.00231758
-0.245 -0.25 1.92 7590 0.00278992
-0.235 -0.24 1.93 8598 0.00316044
-0.225 -0.23 1.94 10146 0.00372945
-0.215 -0.22 1.95 11887 0.0043694
-0.205 -0.21 1.96 13597 0.00499796
-0.195 -0.2 1.97 15876 0.00583567
-0.185 -0.19 1.98 18509 0.00680351
-0.175 -0.18 1.99 21269 0.00781803
-0.165 -0.17 2 24400 0.00896891
-0.155 -0.16 2.01 28104 0.0103304
-0.145 -0.15 2.02 32410 0.0119132
-0.135 -0.14 2.03 36625 0.0134626
-0.125 -0.13 2.04 42237 0.0155254
-0.115 -0.12 2.05 47696 0.017532
-0.105 -0.11 2.06 53845 0.0197923
-0.0949999 -0.0999999 2.07 60677 0.0223036
-0.0849999 -0.0899999 2.08 68103 0.0250332
-0.0749999 -0.0799999 2.09 75045 0.0275849
-0.0649999 -0.0699999 2.1 82925 0.0304814
-0.0549999 -0.0599999 2.11 91230 0.0335342
-0.0449999 -0.05 2.12 99684 0.0366417
-0.0349999 -0.04 2.13 107847 0.0396422
-0.0249999 -0.03 2.14 115263 0.0423682
-0.0149999 -0.02 2.15 121637 0.0447111
-0.0049999 -0.00999999 2.16 128234 0.047136
0.0050001 0 2.17 127752 0.0469589
0.0150001 0.00999999 2.18 120782 0.0443969
0.0250001 0.0200002 2.19 112437 0.0413294
0.0350001 0.0300002 2.2 104211 0.0383057
0.0450001 0.0400002 2.21 96542 0.0354868
0.0550001 0.0500002 2.22 88196 0.0324189
0.0650001 0.0600002 2.23 80480 0.0295827
0.0750001 0.0700002 2.24 72653 0.0267057
0.0850001 0.0800002 2.25 65322 0.024011
0.0950001 0.0900002 2.26 58283 0.0214236
0.105 0.1 2.27 52011 0.0191181
0.115 0.11 2.28 46461 0.0170781
0.125 0.12 2.29 41130 0.0151185
0.135 0.13 2.3 36408 0.0133828
0.145 0.14 2.31 32314 0.0118779
0.155 0.15 2.32 28135 0.0103418
0.165 0.16 2.33 24826 0.0091255
0.175 0.17 2.34 21348 0.00784706
0.185 0.18 2.35 18719 0.0068807
0.195 0.19 2.36 16371 0.00601763
0.205 0.2 2.37 14283 0.00525012
0.215 0.21 2.38 12476 0.00458591
0.225 0.22 2.39 10911 0.00401065
0.235 0.23 2.4 9094 0.00334276
0.245 0.24 2.41 8022 0.00294871
0.255 0.25 2.42 6838 0.0025135
0.265 0.26 2.43 5884 0.00216283
0.275 0.27 2.44 5068 0.00186289
0.285 0.28 2.45 4402 0.00161808
0.295 0.29 2.46 3740 0.00137474
0.305 0.3 2.47 3212 0.00118066
0.315 0.31 2.48 2823 0.00103767
0.325 0.32 2.49 2363 0.000868588
0.335 0.33 2.5 2082 0.000765298
0.345 0.34 2.51 1761 0.000647306
0.355 0.35 2.52 1572 0.000577833
0.365 0.36 2.53 1300 0.000477852
0.375 0.37 2.54 1118 0.000410953
0.385 0.38 2.55 959 0.000352508
0.395 0.39 2.56 865 0.000317955
0.405 0.4 2.57 741 0.000272376
0.415 0.41 2.58 630 0.000231574
0.425 0.42 2.59 550 0.000202168
0.435 0.43 2.6 455 0.000167248
0.445 0.44 2.61 426 0.000156588
0.455 0.45 2.62 371 0.000136372
0.465 0.46 2.63 328 0.000120566
0.475 0.47 2.64 281 0.00010329
0.485 0.48 2.65 282 0.000103657
0.495 0.49 2.66 244 8.96891e-05
0.505 0.5 2.67 246 9.04243e-05
0.515 0.51 2.68 181 6.65317e-05
0.525 0.52 2.69 169 6.21208e-05
0.535 0.53 2.7 168 6.17532e-05
0.545 0.54 2.71 134 4.92555e-05
0.555 0.55 2.72 136 4.99907e-05
0.565 0.56 2.73 101 3.71254e-05
0.575 0.57 2.74 97 3.56551e-05
0.585 0.58 2.75 94 3.45524e-05
0.595 0.59 2.76 92 3.38172e-05
0.605 0.6 2.77 61 2.24223e-05
0.615 0.61 2.78 69 2.53629e-05
0.625 0.62 2.79 70 2.57305e-05
0.635 0.63 2.8 47 1.72762e-05
0.645 0.64 2.81 56 2.05844e-05
0.655 0.65 2.82 39 1.43356e-05
0.665 0.66 2.83 30 1.10274e-05
0.675 0.67 2.84 39 1.43356e-05
0.685 0.68 2.85 26 9.55704e-06
0.695 0.69 2.86 25 9.18946e-06
0.705 0.7 2.87 36 1.32328e-05
0.715 0.71 2.88 29 1.06598e-05
0.725 0.72 2.89 30 1.10274e-05
0.735 0.73 2.9 41 1.50707e-05
0.745 0.74 2.91 22 8.08672e-06
0.755 0.75 2.92 28 1.02922e-05
0.765 0.76 2.93 18 6.61641e-06
0.775 0.77 2.94 16 5.88125e-06
0.785 0.78 2.95 16 5.88125e-06
0.795 0.79 2.96 18 6.61641e-06
0.805 0.8 2.97 14 5.1461e-06
0.815 0.81 2.98 19 6.98399e-06
0.825 0.82 2.99 18 6.61641e-06
0.835 0.83 3 13 4.77852e-06
0.845 0.84 3.01 8 2.94063e-06
0.855 0.85 3.02 17 6.24883e-06
0.865 0.86 3.03 6 2.20547e-06
0.875 0.87 3.04 8 2.94063e-06
0.885 0.88 3.05 16 5.88125e-06
0.895 0.89 3.06 11 4.04336e-06
0.905 0.9 3.07 13 4.77852e-06
0.915 0.91 3.08 7 2.57305e-06
0.925 0.92 3.09 6 2.20547e-06
0.935 0.93 3.1 8 2.94063e-06
0.945 0.94 3.11 4 1.47031e-06
0.955 0.95 3.12 2 7.35157e-07
0.965 0.96 3.13 5 1.83789e-06
0.975 0.97 3.14 5 1.83789e-06
0.985 0.98 3.15 4 1.47031e-06
0.995 0.99 3.16 3 1.10274e-06
1.005 1 3.17 4 1.47031e-06
1.015 1.01 3.18 6 2.20547e-06
1.025 1.02 3.19 3 1.10274e-06
1.035 1.03 3.2 2 7.35157e-07
1.045 1.04 3.21 5 1.83789e-06
1.055 1.05 3.22 3 1.10274e-06
1.065 1.06 3.23 13 4.77852e-06
1.075 1.07 3.24 4 1.47031e-06
1.085 1.08 3.25 0 0
1.095 1.09 3.26 1 3.67578e-07
1.105 1.1 3.27 5 1.83789e-06
1.115 1.11 3.28 1 3.67578e-07
1.125 1.12 3.29 6 2.20547e-06
1.135 1.13 3.3 2 7.35157e-07
1.145 1.14 3.31 2 7.35157e-07
1.155 1.15 3.32 1 3.67578e-07
1.165 1.16 3.33 1 3.67578e-07
1.175 1.17 3.34 7 2.57305e-06
1.185 1.18 3.35 2 7.35157e-07
1.195 1.19 3.36 1 3.67578e-07
1.205 1.2 3.37 2 7.35157e-07
1.215 1.21 3.38 1 3.67578e-07
1.225 1.22 3.39 0 0
1.235 1.23 3.4 2 7.35157e-07
1.245 1.24 3.41 3 1.10274e-06
1.255 1.25 3.42 3 1.10274e-06
1.265 1.26 3.43 0 0
1.275 1.27 3.44 0 0
1.285 1.28 3.45 4 1.47031e-06
1.295 1.29 3.46 1 3.67578e-07
1.305 1.3 3.47 0 0
1.315 1.31 3.48 0 0
1.325 1.32 3.49 1 3.67578e-07
1.335 1.33 3.5 0 0
1.345 1.34 3.51 0 0
1.355 1.35 3.52 0 0
1.365 1.36 3.53 2 7.35157e-07
1.375 1.37 3.54 1 3.67578e-07
1.385 1.38 3.55 1 3.67578e-07
1.395 1.39 3.56 0 0
1.405 1.4 3.57 1 3.67578e-07
1.415 1.41 3.58 1 3.67578e-07
1.425 1.42 3.59 0 0
1.435 1.43 3.6 1 3.67578e-07
1.445 1.44 3.61 0 0
1.455 1.45 3.62 0 0
1.465 1.46 3.63 0 0
1.475 1.47 3.64 2 7.35157e-07
1.485 1.48 3.65 1 3.67578e-07
1.495 1.49 3.66 0 0
1.505 1.5 3.67 0 0
1.515 1.51 3.68 0 0
1.525 1.52 3.69 1 3.67578e-07
1.535 1.53 3.7 0 0
1.545 1.54 3.71 0 0
1.555 1.55 3.72 0 0
1.565 1.56 3.73 0 0
1.575 1.57 3.74 0 0
1.585 1.58 3.75 1 3.67578e-07
1.595 1.59 3.76 0 0
1.605 1.6 3.77 0 0
1.615 1.61 3.78 0 0
1.625 1.62 3.79 0 0
1.635 1.63 3.8 0 0
1.645 1.64 3.81 0 0
1.655 1.65 3.82 0 0
1.665 1.66 3.83 0 0
1.675 1.67 3.84 0 0
1.685 1.68 3.85 0 0
1.695 1.69 3.86 0 0
1.705 1.7 3.87 0 0
1.715 1.71 3.88 1 3.67578e-07
1.725 1.72 3.89 0 0
1.735 1.73 3.9 0 0
1.745 1.74 3.91 0 0
1.755 1.75 3.92 0 0
1.765 1.76 3.93 0 0
1.775 1.77 3.94 0 0
1.785 1.78 3.95 0 0
1.795 1.79 3.96 0 0
1.805 1.8 3.97 0 0
1.815 1.81 3.98 0 0
1.825 1.82 3.99 0 0
1.835 1.83 4 1 3.67578e-07
1.845 1.84 4.01 0 0
1.855 1.85 4.02 0 0
1.865 1.86 4.03 0 0
1.875 1.87 4.04 0 0
1.885 1.88 4.05 0 0
1.895 1.89 4.06 0 0
1.905 1.9 4.07 0 0
1.915 1.91 4.08 0 0
1.925 1.92 4.09 1 3.67578e-07
1.935 1.93 4.1 0 0
1.945 1.94 4.11 0 0
1.955 1.95 4.12 0 0
1.965 1.96 4.13 0 0
1.975 1.97 4.14 0 0
1.985 1.98 4.15 0 0
1.995 1.99 4.16 0 0
2.005 2 4.17 0 0
2.015 2.01 4.18 0 0
2.025 2.02 4.19 0 0
2.035 2.03 4.2 0 0
2.045 2.04 4.21 0 0
2.055 2.05 4.22 0 0
2.065 2.06 4.23 0 0
2.075 2.07 4.24 0 0
2.085 2.08 4.25 0 0
2.095 2.09 4.26 0 0
2.105 2.1 4.27 0 0
2.115 2.11 4.28 0 0
2.125 2.12 4.29 0 0
2.135 2.13 4.3 1 3.67578e-07
2.145 2.14 4.31 0 0
