Midpoint LowerLim UpperLim Count ProbabilityDensity
-12.305 -12.31 0.01 0 0
-12.295 -12.3 0.02 1 1.02743e-08
-12.285 -12.29 0.03 0 0
-12.275 -12.28 0.04 0 0
-12.265 -12.27 0.05 0 0
-12.255 -12.26 0.06 0 0
-12.245 -12.25 0.07 0 0
-12.235 -12.24 0.08 0 0
-12.225 -12.23 0.09 0 0
-12.215 -12.22 0.1 0 0
-12.205 -12.21 0.11 0 0
-12.195 -12.2 0.12 0 0
-12.185 -12.19 0.13 0 0
-12.175 -12.18 0.14 0 0
-12.165 -12.17 0.15 0 0
-12.155 -12.16 0.16 0 0
-12.145 -12.15 0.17 0 0
-12.135 -12.14 0.18 0 0
-12.125 -12.13 0.19 0 0
-12.115 -12.12 0.2 0 0
-12.105 -12.11 0.21 0 0
-12.095 -12.1 0.22 0 0
-12.085 -12.09 0.23 0 0
-12.075 -12.08 0.24 0 0
-12.065 -12.07 0.25 0 0
-12.055 -12.06 0.26 0 0
-12.045 -12.05 0.27 0 0
-12.035 -12.04 0.28 0 0
-12.025 -12.03 0.29 0 0
-12.015 -12.02 0.3 0 0
-12.005 -12.01 0.31 0 0
-11.995 -12 0.32 0 0
-11.985 -11.99 0.33 0 0
-11.975 -11.98 0.34 0 0
-11.965 -11.97 0.35 0 0
-11.955 -11.96 0.36 0 0
-11.945 -11.95 0.37 0 0
-11.935 -11.94 0.38 0 0
-11.925 -11.93 0.39 0 0
-11.915 -11.92 0.4 0 0
-11.905 -11.91 0.41 0 0
-11.895 -11.9 0.42 0 0
-11.885 -11.89 0.43 0 0
-11.875 -11.88 0.44 0 0
-11.865 -11.87 0.45 0 0
-11.855 -11.86 0.46 0 0
-11.845 -11.85 0.47 0 0
-11.835 -11.84 0.48 0 0
-11.825 -11.83 0.49 0 0
-11.815 -11.82 0.5 0 0
-11.805 -11.81 0.51 0 0
-11.795 -11.8 0.52 0 0
-11.785 -11.79 0.53 0 0
-11.775 -11.78 0.54 0 0
-11.765 -11.77 0.55 0 0
-11.755 -11.76 0.56 0 0
-11.745 -11.75 0.57 0 0
-11.735 -11.74 0.58 0 0
-11.725 -11.73 0.59 0 0
-11.715 -11.72 0.6 0 0
-11.705 -11.71 0.61 0 0
-11.695 -11.7 0.62 0 0
-11.685 -11.69 0.63 0 0
-11.675 -11.68 0.64 0 0
-11.665 -11.67 0.65 0 0
-11.655 -11.66 0.66 0 0
-11.645 -11.65 0.67 0 0
-11.635 -11.64 0.68 0 0
-11.625 -11.63 0.69 0 0
-11.615 -11.62 0.7 0 0
-11.605 -11.61 0.71 0 0
-11.595 -11.6 0.72 0 0
-11.585 -11.59 0.73 0 0
-11.575 -11.58 0.74 0 0
-11.565 -11.57 0.75 0 0
-11.555 -11.56 0.76 0 0
-11.545 -11.55 0.77 0 0
-11.535 -11.54 0.78 0 0
-11.525 -11.53 0.79 0 0
-11.515 -11.52 0.8 0 0
-11.505 -11.51 0.81 0 0
-11.495 -11.5 0.82 0 0
-11.485 -11.49 0.83 0 0
-11.475 -11.48 0.84 0 0
-11.465 -11.47 0.85 0 0
-11.455 -11.46 0.86 0 0
-11.445 -11.45 0.87 0 0
-11.435 -11.44 0.88 0 0
-11.425 -11.43 0.89 0 0
-11.415 -11.42 0.9 0 0
-11.405 -11.41 0.91 0 0
-11.395 -11.4 0.92 0 0
-11.385 -11.39 0.93 0 0
-11.375 -11.38 0.94 0 0
-11.365 -11.37 0.95 0 0
-11.355 -11.36 0.96 0 0
-11.345 -11.35 0.97 0 0
-11.335 -11.34 0.98 0 0
-11.325 -11.33 0.99 0 0
-11.315 -11.32 1 0 0
-11.305 -11.31 1.01 0 0
-11.295 -11.3 1.02 0 0
-11.285 -11.29 1.03 0 0
-11.275 -11.28 1.04 0 0
-11.265 -11.27 1.05 0 0
-11.255 -11.26 1.06 0 0
-11.245 -11.25 1.07 0 0
-11.235 -11.24 1.08 0 0
-11.225 -11.23 1.09 0 0
-11.215 -11.22 1.1 0 0
-11.205 -11.21 1.11 0 0
-11.195 -11.2 1.12 0 0
-11.185 -11.19 1.13 0 0
-11.175 -11.18 1.14 0 0
-11.165 -11.17 1.15 0 0
-11.155 -11.16 1.16 0 0
-11.145 -11.15 1.17 0 0
-11.135 -11.14 1.18 0 0
-11.125 -11.13 1.19 0 0
-11.115 -11.12 1.2 0 0
-11.105 -11.11 1.21 0 0
-11.095 -11.1 1.22 0 0
-11.085 -11.09 1.23 1 1.02743e-08
-11.075 -11.08 1.24 0 0
-11.065 -11.07 1.25 0 0
-11.055 -11.06 1.26 0 0
-11.045 -11.05 1.27 0 0
-11.035 -11.04 1.28 0 0
-11.025 -11.03 1.29 0 0
-11.015 -11.02 1.3 0 0
-11.005 -11.01 1.31 0 0
-10.995 -11 1.32 0 0
-10.985 -10.99 1.33 0 0
-10.975 -10.98 1.34 0 0
-10.965 -10.97 1.35 0 0
-10.955 -10.96 1.36 0 0
-10.945 -10.95 1.37 0 0
-10.935 -10.94 1.38 0 0
-10.925 -10.93 1.39 0 0
-10.915 -10.92 1.4 0 0
-10.905 -10.91 1.41 0 0
-10.895 -10.9 1.42 0 0
-10.885 -10.89 1.43 0 0
-10.875 -10.88 1.44 0 0
-10.865 -10.87 1.45 0 0
-10.855 -10.86 1.46 0 0
-10.845 -10.85 1.47 0 0
-10.835 -10.84 1.48 0 0
-10.825 -10.83 1.49 0 0
-10.815 -10.82 1.5 0 0
-10.805 -10.81 1.51 0 0
-10.795 -10.8 1.52 0 0
-10.785 -10.79 1.53 0 0
-10.775 -10.78 1.54 0 0
-10.765 -10.77 1.55 0 0
-10.755 -10.76 1.56 0 0
-10.745 -10.75 1.57 0 0
-10.735 -10.74 1.58 0 0
-10.725 -10.73 1.59 0 0
-10.715 -10.72 1.6 0 0
-10.705 -10.71 1.61 0 0
-10.695 -10.7 1.62 0 0
-10.685 -10.69 1.63 0 0
-10.675 -10.68 1.64 0 0
-10.665 -10.67 1.65 0 0
-10.655 -10.66 1.66 0 0
-10.645 -10.65 1.67 0 0
-10.635 -10.64 1.68 0 0
-10.625 -10.63 1.69 0 0
-10.615 -10.62 1.7 0 0
-10.605 -10.61 1.71 0 0
-10.595 -10.6 1.72 0 0
-10.585 -10.59 1.73 0 0
-10.575 -10.58 1.74 0 0
-10.565 -10.57 1.75 0 0
-10.555 -10.56 1.76 0 0
-10.545 -10.55 1.77 0 0
-10.535 -10.54 1.78 0 0
-10.525 -10.53 1.79 0 0
-10.515 -10.52 1.8 0 0
-10.505 -10.51 1.81 0 0
-10.495 -10.5 1.82 0 0
-10.485 -10.49 1.83 0 0
-10.475 -10.48 1.84 0 0
-10.465 -10.47 1.85 0 0
-10.455 -10.46 1.86 0 0
-10.445 -10.45 1.87 0 0
-10.435 -10.44 1.88 0 0
-10.425 -10.43 1.89 0 0
-10.415 -10.42 1.9 0 0
-10.405 -10.41 1.91 0 0
-10.395 -10.4 1.92 0 0
-10.385 -10.39 1.93 0 0
-10.375 -10.38 1.94 1 1.02743e-08
-10.365 -10.37 1.95 0 0
-10.355 -10.36 1.96 0 0
-10.345 -10.35 1.97 0 0
-10.335 -10.34 1.98 0 0
-10.325 -10.33 1.99 0 0
-10.315 -10.32 2 0 0
-10.305 -10.31 2.01 0 0
-10.295 -10.3 2.02 0 0
-10.285 -10.29 2.03 0 0
-10.275 -10.28 2.04 0 0
-10.265 -10.27 2.05 0 0
-10.255 -10.26 2.06 0 0
-10.245 -10.25 2.07 0 0
-10.235 -10.24 2.08 0 0
-10.225 -10.23 2.09 0 0
-10.215 -10.22 2.1 0 0
-10.205 -10.21 2.11 0 0
-10.195 -10.2 2.12 0 0
-10.185 -10.19 2.13 0 0
-10.175 -10.18 2.14 0 0
-10.165 -10.17 2.15 0 0
-10.155 -10.16 2.16 0 0
-10.145 -10.15 2.17 0 0
-10.135 -10.14 2.18 0 0
-10.125 -10.13 2.19 0 0
-10.115 -10.12 2.2 0 0
-10.105 -10.11 2.21 0 0
-10.095 -10.1 2.22 0 0
-10.085 -10.09 2.23 0 0
-10.075 -10.08 2.24 0 0
-10.065 -10.07 2.25 0 0
-10.055 -10.06 2.26 0 0
-10.045 -10.05 2.27 0 0
-10.035 -10.04 2.28 0 0
-10.025 -10.03 2.29 0 0
-10.015 -10.02 2.3 0 0
-10.005 -10.01 2.31 0 0
-9.995 -10 2.32 0 0
-9.985 -9.99 2.33 1 1.02743e-08
-9.975 -9.98 2.34 0 0
-9.965 -9.97 2.35 0 0
-9.955 -9.96 2.36 0 0
-9.945 -9.95 2.37 0 0
-9.935 -9.94 2.38 0 0
-9.925 -9.93 2.39 0 0
-9.915 -9.92 2.4 0 0
-9.905 -9.91 2.41 0 0
-9.895 -9.9 2.42 0 0
-9.885 -9.89 2.43 0 0
-9.875 -9.88 2.44 0 0
-9.865 -9.87 2.45 0 0
-9.855 -9.86 2.46 0 0
-9.845 -9.85 2.47 0 0
-9.835 -9.84 2.48 0 0
-9.825 -9.83 2.49 0 0
-9.815 -9.82 2.5 0 0
-9.805 -9.81 2.51 0 0
-9.795 -9.8 2.52 0 0
-9.785 -9.79 2.53 0 0
-9.775 -9.78 2.54 0 0
-9.765 -9.77 2.55 0 0
-9.755 -9.76 2.56 0 0
-9.745 -9.75 2.57 0 0
-9.735 -9.74 2.58 0 0
-9.725 -9.73 2.59 0 0
-9.715 -9.72 2.6 0 0
-9.705 -9.71 2.61 0 0
-9.695 -9.7 2.62 0 0
-9.685 -9.69 2.63 0 0
-9.675 -9.68 2.64 0 0
-9.665 -9.67 2.65 0 0
-9.655 -9.66 2.66 0 0
-9.645 -9.65 2.67 0 0
-9.635 -9.64 2.68 0 0
-9.625 -9.63 2.69 0 0
-9.615 -9.62 2.7 0 0
-9.605 -9.61 2.71 0 0
-9.595 -9.6 2.72 0 0
-9.585 -9.59 2.73 0 0
-9.575 -9.58 2.74 0 0
-9.565 -9.57 2.75 0 0
-9.555 -9.56 2.76 0 0
-9.545 -9.55 2.77 0 0
-9.535 -9.54 2.78 0 0
-9.525 -9.53 2.79 0 0
-9.515 -9.52 2.8 0 0
-9.505 -9.51 2.81 0 0
-9.495 -9.5 2.82 0 0
-9.485 -9.49 2.83 0 0
-9.475 -9.48 2.84 0 0
-9.465 -9.47 2.85 0 0
-9.455 -9.46 2.86 0 0
-9.445 -9.45 2.87 0 0
-9.435 -9.44 2.88 0 0
-9.425 -9.43 2.89 1 1.02743e-08
-9.415 -9.42 2.9 0 0
-9.405 -9.41 2.91 0 0
-9.395 -9.4 2.92 0 0
-9.385 -9.39 2.93 0 0
-9.375 -9.38 2.94 0 0
-9.365 -9.37 2.95 0 0
-9.355 -9.36 2.96 0 0
-9.345 -9.35 2.97 0 0
-9.335 -9.34 2.98 0 0
-9.325 -9.33 2.99 0 0
-9.315 -9.32 3 1 1.02743e-08
-9.305 -9.31 3.01 0 0
-9.295 -9.3 3.02 0 0
-9.285 -9.29 3.03 0 0
-9.275 -9.28 3.04 1 1.02743e-08
-9.265 -9.27 3.05 0 0
-9.255 -9.26 3.06 0 0
-9.245 -9.25 3.07 0 0
-9.235 -9.24 3.08 0 0
-9.225 -9.23 3.09 0 0
-9.215 -9.22 3.1 0 0
-9.205 -9.21 3.11 0 0
-9.195 -9.2 3.12 0 0
-9.185 -9.19 3.13 1 1.02743e-08
-9.175 -9.18 3.14 0 0
-9.165 -9.17 3.15 0 0
-9.155 -9.16 3.16 0 0
-9.145 -9.15 3.17 0 0
-9.135 -9.14 3.18 0 0
-9.125 -9.13 3.19 0 0
-9.115 -9.12 3.2 0 0
-9.105 -9.11 3.21 0 0
-9.095 -9.1 3.22 0 0
-9.085 -9.09 3.23 0 0
-9.075 -9.08 3.24 1 1.02743e-08
-9.065 -9.07 3.25 0 0
-9.055 -9.06 3.26 0 0
-9.045 -9.05 3.27 0 0
-9.035 -9.04 3.28 0 0
-9.025 -9.03 3.29 0 0
-9.015 -9.02 3.3 0 0
-9.005 -9.01 3.31 0 0
-8.995 -9 3.32 0 0
-8.985 -8.99 3.33 0 0
-8.975 -8.98 3.34 0 0
-8.965 -8.97 3.35 0 0
-8.955 -8.96 3.36 0 0
-8.945 -8.95 3.37 0 0
-8.935 -8.94 3.38 0 0
-8.925 -8.93 3.39 1 1.02743e-08
-8.915 -8.92 3.4 0 0
-8.905 -8.91 3.41 0 0
-8.895 -8.9 3.42 1 1.02743e-08
-8.885 -8.89 3.43 0 0
-8.875 -8.88 3.44 0 0
-8.865 -8.87 3.45 1 1.02743e-08
-8.855 -8.86 3.46 0 0
-8.845 -8.85 3.47 0 0
-8.835 -8.84 3.48 0 0
-8.825 -8.83 3.49 0 0
-8.815 -8.82 3.5 0 0
-8.805 -8.81 3.51 0 0
-8.795 -8.8 3.52 0 0
-8.785 -8.79 3.53 0 0
-8.775 -8.78 3.54 0 0
-8.765 -8.77 3.55 0 0
-8.755 -8.76 3.56 0 0
-8.745 -8.75 3.57 1 1.02743e-08
-8.735 -8.74 3.58 0 0
-8.725 -8.73 3.59 0 0
-8.715 -8.72 3.6 0 0
-8.705 -8.71 3.61 0 0
-8.695 -8.7 3.62 1 1.02743e-08
-8.685 -8.69 3.63 0 0
-8.675 -8.68 3.64 0 0
-8.665 -8.67 3.65 0 0
-8.655 -8.66 3.66 0 0
-8.645 -8.65 3.67 0 0
-8.635 -8.64 3.68 0 0
-8.625 -8.63 3.69 1 1.02743e-08
-8.615 -8.62 3.7 0 0
-8.605 -8.61 3.71 0 0
-8.595 -8.6 3.72 0 0
-8.585 -8.59 3.73 0 0
-8.575 -8.58 3.74 0 0
-8.565 -8.57 3.75 0 0
-8.555 -8.56 3.76 0 0
-8.545 -8.55 3.77 0 0
-8.535 -8.54 3.78 0 0
-8.525 -8.53 3.79 1 1.02743e-08
-8.515 -8.52 3.8 0 0
-8.505 -8.51 3.81 0 0
-8.495 -8.5 3.82 0 0
-8.485 -8.49 3.83 0 0
-8.475 -8.48 3.84 1 1.02743e-08
-8.465 -8.47 3.85 0 0
-8.455 -8.46 3.86 0 0
-8.445 -8.45 3.87 0 0
-8.435 -8.44 3.88 0 0
-8.425 -8.43 3.89 0 0
-8.415 -8.42 3.9 0 0
-8.405 -8.41 3.91 0 0
-8.395 -8.4 3.92 0 0
-8.385 -8.39 3.93 0 0
-8.375 -8.38 3.94 0 0
-8.365 -8.37 3.95 1 1.02743e-08
-8.355 -8.36 3.96 0 0
-8.345 -8.35 3.97 0 0
-8.335 -8.34 3.98 0 0
-8.325 -8.33 3.99 0 0
-8.315 -8.32 4 0 0
-8.305 -8.31 4.01 0 0
-8.295 -8.3 4.02 0 0
-8.285 -8.29 4.03 0 0
-8.275 -8.28 4.04 0 0
-8.265 -8.27 4.05 0 0
-8.255 -8.26 4.06 0 0
-8.245 -8.25 4.07 1 1.02743e-08
-8.235 -8.24 4.08 0 0
-8.225 -8.23 4.09 0 0
-8.215 -8.22 4.1 0 0
-8.205 -8.21 4.11 1 1.02743e-08
-8.195 -8.2 4.12 0 0
-8.185 -8.19 4.13 0 0
-8.175 -8.18 4.14 0 0
-8.165 -8.17 4.15 0 0
-8.155 -8.16 4.16 0 0
-8.145 -8.15 4.17 0 0
-8.135 -8.14 4.18 0 0
-8.125 -8.13 4.19 0 0
-8.115 -8.12 4.2 0 0
-8.105 -8.11 4.21 0 0
-8.095 -8.1 4.22 1 1.02743e-08
-8.085 -8.09 4.23 0 0
-8.075 -8.08 4.24 0 0
-8.065 -8.07 4.25 0 0
-8.055 -8.06 4.26 0 0
-8.045 -8.05 4.27 0 0
-8.035 -8.04 4.28 0 0
-8.025 -8.03 4.29 0 0
-8.015 -8.02 4.3 0 0
-8.005 -8.01 4.31 0 0
-7.995 -8 4.32 1 1.02743e-08
-7.985 -7.99 4.33 0 0
-7.975 -7.98 4.34 0 0
-7.965 -7.97 4.35 0 0
-7.955 -7.96 4.36 0 0
-7.945 -7.95 4.37 0 0
-7.935 -7.94 4.38 0 0
-7.925 -7.93 4.39 0 0
-7.915 -7.92 4.4 0 0
-7.905 -7.91 4.41 0 0
-7.895 -7.9 4.42 0 0
-7.885 -7.89 4.43 0 0
-7.875 -7.88 4.44 0 0
-7.865 -7.87 4.45 0 0
-7.855 -7.86 4.46 0 0
-7.845 -7.85 4.47 0 0
-7.835 -7.84 4.48 0 0
-7.825 -7.83 4.49 0 0
-7.815 -7.82 4.5 0 0
-7.805 -7.81 4.51 0 0
-7.795 -7.8 4.52 0 0
-7.785 -7.79 4.53 0 0
-7.775 -7.78 4.54 1 1.02743e-08
-7.765 -7.77 4.55 1 1.02743e-08
-7.755 -7.76 4.56 0 0
-7.745 -7.75 4.57 0 0
-7.735 -7.74 4.58 0 0
-7.725 -7.73 4.59 0 0
-7.715 -7.72 4.6 1 1.02743e-08
-7.705 -7.71 4.61 1 1.02743e-08
-7.695 -7.7 4.62 0 0
-7.685 -7.69 4.63 0 0
-7.675 -7.68 4.64 0 0
-7.665 -7.67 4.65 0 0
-7.655 -7.66 4.66 0 0
-7.645 -7.65 4.67 0 0
-7.635 -7.64 4.68 0 0
-7.625 -7.63 4.69 2 2.05485e-08
-7.615 -7.62 4.7 0 0
-7.605 -7.61 4.71 0 0
-7.595 -7.6 4.72 0 0
-7.585 -7.59 4.73 0 0
-7.575 -7.58 4.74 0 0
-7.565 -7.57 4.75 0 0
-7.555 -7.56 4.76 0 0
-7.545 -7.55 4.77 0 0
-7.535 -7.54 4.78 1 1.02743e-08
-7.525 -7.53 4.79 0 0
-7.515 -7.52 4.8 0 0
-7.505 -7.51 4.81 1 1.02743e-08
-7.495 -7.5 4.82 0 0
-7.485 -7.49 4.83 0 0
-7.475 -7.48 4.84 0 0
-7.465 -7.47 4.85 0 0
-7.455 -7.46 4.86 1 1.02743e-08
-7.445 -7.45 4.87 0 0
-7.435 -7.44 4.88 0 0
-7.425 -7.43 4.89 0 0
-7.415 -7.42 4.9 0 0
-7.405 -7.41 4.91 0 0
-7.395 -7.4 4.92 0 0
-7.385 -7.39 4.93 0 0
-7.375 -7.38 4.94 0 0
-7.365 -7.37 4.95 0 0
-7.355 -7.36 4.96 1 1.02743e-08
-7.345 -7.35 4.97 0 0
-7.335 -7.34 4.98 1 1.02743e-08
-7.325 -7.33 4.99 0 0
-7.315 -7.32 5 1 1.02743e-08
-7.305 -7.31 5.01 0 0
-7.295 -7.3 5.02 0 0
-7.285 -7.29 5.03 0 0
-7.275 -7.28 5.04 0 0
-7.265 -7.27 5.05 0 0
-7.255 -7.26 5.06 0 0
-7.245 -7.25 5.07 0 0
-7.235 -7.24 5.08 0 0
-7.225 -7.23 5.09 0 0
-7.215 -7.22 5.1 0 0
-7.205 -7.21 5.11 1 1.02743e-08
-7.195 -7.2 5.12 0 0
-7.185 -7.19 5.13 0 0
-7.175 -7.18 5.14 0 0
-7.165 -7.17 5.15 0 0
-7.155 -7.16 5.16 0 0
-7.145 -7.15 5.17 0 0
-7.135 -7.14 5.18 0 0
-7.125 -7.13 5.19 0 0
-7.115 -7.12 5.2 0 0
-7.105 -7.11 5.21 0 0
-7.095 -7.1 5.22 0 0
-7.085 -7.09 5.23 0 0
-7.075 -7.08 5.24 0 0
-7.065 -7.07 5.25 0 0
-7.055 -7.06 5.26 0 0
-7.045 -7.05 5.27 0 0
-7.035 -7.04 5.28 0 0
-7.025 -7.03 5.29 0 0
-7.015 -7.02 5.3 0 0
-7.005 -7.01 5.31 0 0
-6.995 -7 5.32 0 0
-6.985 -6.99 5.33 1 1.02743e-08
-6.975 -6.98 5.34 1 1.02743e-08
-6.965 -6.97 5.35 0 0
-6.955 -6.96 5.36 0 0
-6.945 -6.95 5.37 0 0
-6.935 -6.94 5.38 0 0
-6.925 -6.93 5.39 2 2.05485e-08
-6.915 -6.92 5.4 0 0
-6.905 -6.91 5.41 0 0
-6.895 -6.9 5.42 1 1.02743e-08
-6.885 -6.89 5.43 0 0
-6.875 -6.88 5.44 1 1.02743e-08
-6.865 -6.87 5.45 0 0
-6.855 -6.86 5.46 0 0
-6.845 -6.85 5.47 0 0
-6.835 -6.84 5.48 0 0
-6.825 -6.83 5.49 0 0
-6.815 -6.82 5.5 1 1.02743e-08
-6.805 -6.81 5.51 0 0
-6.795 -6.8 5.52 1 1.02743e-08
-6.785 -6.79 5.53 0 0
-6.775 -6.78 5.54 0 0
-6.765 -6.77 5.55 0 0
-6.755 -6.76 5.56 0 0
-6.745 -6.75 5.57 0 0
-6.735 -6.74 5.58 1 1.02743e-08
-6.725 -6.73 5.59 0 0
-6.715 -6.72 5.6 1 1.02743e-08
-6.705 -6.71 5.61 0 0
-6.695 -6.7 5.62 0 0
-6.685 -6.69 5.63 0 0
-6.675 -6.68 5.64 0 0
-6.665 -6.67 5.65 1 1.02743e-08
-6.655 -6.66 5.66 0 0
-6.645 -6.65 5.67 0 0
-6.635 -6.64 5.68 0 0
-6.625 -6.63 5.69 0 0
-6.615 -6.62 5.7 0 0
-6.605 -6.61 5.71 0 0
-6.595 -6.6 5.72 1 1.02743e-08
-6.585 -6.59 5.73 0 0
-6.575 -6.58 5.74 0 0
-6.565 -6.57 5.75 0 0
-6.555 -6.56 5.76 0 0
-6.545 -6.55 5.77 0 0
-6.535 -6.54 5.78 0 0
-6.525 -6.53 5.79 1 1.02743e-08
-6.515 -6.52 5.8 0 0
-6.505 -6.51 5.81 0 0
-6.495 -6.5 5.82 0 0
-6.485 -6.49 5.83 0 0
-6.475 -6.48 5.84 0 0
-6.465 -6.47 5.85 0 0
-6.455 -6.46 5.86 0 0
-6.445 -6.45 5.87 1 1.02743e-08
-6.435 -6.44 5.88 0 0
-6.425 -6.43 5.89 0 0
-6.415 -6.42 5.9 1 1.02743e-08
-6.405 -6.41 5.91 0 0
-6.395 -6.4 5.92 0 0
-6.385 -6.39 5.93 0 0
-6.375 -6.38 5.94 0 0
-6.365 -6.37 5.95 2 2.05485e-08
-6.355 -6.36 5.96 1 1.02743e-08
-6.345 -6.35 5.97 0 0
-6.335 -6.34 5.98 0 0
-6.325 -6.33 5.99 0 0
-6.315 -6.32 6 0 0
-6.305 -6.31 6.01 0 0
-6.295 -6.3 6.02 0 0
-6.285 -6.29 6.03 0 0
-6.275 -6.28 6.04 0 0
-6.265 -6.27 6.05 0 0
-6.255 -6.26 6.06 0 0
-6.245 -6.25 6.07 0 0
-6.235 -6.24 6.08 0 0
-6.225 -6.23 6.09 1 1.02743e-08
-6.215 -6.22 6.1 0 0
-6.205 -6.21 6.11 0 0
-6.195 -6.2 6.12 0 0
-6.185 -6.19 6.13 0 0
-6.175 -6.18 6.14 0 0
-6.165 -6.17 6.15 0 0
-6.155 -6.16 6.16 1 1.02743e-08
-6.145 -6.15 6.17 1 1.02743e-08
-6.135 -6.14 6.18 0 0
-6.125 -6.13 6.19 0 0
-6.115 -6.12 6.2 0 0
-6.105 -6.11 6.21 0 0
-6.095 -6.1 6.22 1 1.02743e-08
-6.085 -6.09 6.23 0 0
-6.075 -6.08 6.24 0 0
-6.065 -6.07 6.25 1 1.02743e-08
-6.055 -6.06 6.26 0 0
-6.045 -6.05 6.27 1 1.02743e-08
-6.035 -6.04 6.28 0 0
-6.025 -6.03 6.29 0 0
-6.015 -6.02 6.3 0 0
-6.005 -6.01 6.31 0 0
-5.995 -6 6.32 1 1.02743e-08
-5.985 -5.99 6.33 0 0
-5.975 -5.98 6.34 1 1.02743e-08
-5.965 -5.97 6.35 0 0
-5.955 -5.96 6.36 0 0
-5.945 -5.95 6.37 0 0
-5.935 -5.94 6.38 1 1.02743e-08
-5.925 -5.93 6.39 1 1.02743e-08
-5.915 -5.92 6.4 0 0
-5.905 -5.91 6.41 1 1.02743e-08
-5.895 -5.9 6.42 0 0
-5.885 -5.89 6.43 0 0
-5.875 -5.88 6.44 1 1.02743e-08
-5.865 -5.87 6.45 0 0
-5.855 -5.86 6.46 0 0
-5.845 -5.85 6.47 2 2.05485e-08
-5.835 -5.84 6.48 0 0
-5.825 -5.83 6.49 1 1.02743e-08
-5.815 -5.82 6.5 1 1.02743e-08
-5.805 -5.81 6.51 0 0
-5.795 -5.8 6.52 0 0
-5.785 -5.79 6.53 0 0
-5.775 -5.78 6.54 0 0
-5.765 -5.77 6.55 0 0
-5.755 -5.76 6.56 0 0
-5.745 -5.75 6.57 0 0
-5.735 -5.74 6.58 0 0
-5.725 -5.73 6.59 0 0
-5.715 -5.72 6.6 0 0
-5.705 -5.71 6.61 1 1.02743e-08
-5.695 -5.7 6.62 0 0
-5.685 -5.69 6.63 1 1.02743e-08
-5.675 -5.68 6.64 0 0
-5.665 -5.67 6.65 0 0
-5.655 -5.66 6.66 0 0
-5.645 -5.65 6.67 0 0
-5.635 -5.64 6.68 1 1.02743e-08
-5.625 -5.63 6.69 0 0
-5.615 -5.62 6.7 0 0
-5.605 -5.61 6.71 0 0
-5.595 -5.6 6.72 0 0
-5.585 -5.59 6.73 0 0
-5.575 -5.58 6.74 0 0
-5.565 -5.57 6.75 0 0
-5.555 -5.56 6.76 0 0
-5.545 -5.55 6.77 0 0
-5.535 -5.54 6.78 0 0
-5.525 -5.53 6.79 0 0
-5.515 -5.52 6.8 1 1.02743e-08
-5.505 -5.51 6.81 0 0
-5.495 -5.5 6.82 1 1.02743e-08
-5.485 -5.49 6.83 0 0
-5.475 -5.48 6.84 0 0
-5.465 -5.47 6.85 0 0
-5.455 -5.46 6.86 1 1.02743e-08
-5.445 -5.45 6.87 1 1.02743e-08
-5.435 -5.44 6.88 1 1.02743e-08
-5.425 -5.43 6.89 0 0
-5.415 -5.42 6.9 1 1.02743e-08
-5.405 -5.41 6.91 1 1.02743e-08
-5.395 -5.4 6.92 0 0
-5.385 -5.39 6.93 0 0
-5.375 -5.38 6.94 0 0
-5.365 -5.37 6.95 0 0
-5.355 -5.36 6.96 0 0
-5.345 -5.35 6.97 2 2.05485e-08
-5.335 -5.34 6.98 1 1.02743e-08
-5.325 -5.33 6.99 1 1.02743e-08
-5.315 -5.32 7 1 1.02743e-08
-5.305 -5.31 7.01 0 0
-5.295 -5.3 7.02 0 0
-5.285 -5.29 7.03 1 1.02743e-08
-5.275 -5.28 7.04 1 1.02743e-08
-5.265 -5.27 7.05 2 2.05485e-08
-5.255 -5.26 7.06 1 1.02743e-08
-5.245 -5.25 7.07 0 0
-5.235 -5.24 7.08 1 1.02743e-08
-5.225 -5.23 7.09 1 1.02743e-08
-5.215 -5.22 7.1 1 1.02743e-08
-5.205 -5.21 7.11 1 1.02743e-08
-5.195 -5.2 7.12 0 0
-5.185 -5.19 7.13 3 3.08228e-08
-5.175 -5.18 7.14 1 1.02743e-08
-5.165 -5.17 7.15 1 1.02743e-08
-5.155 -5.16 7.16 0 0
-5.145 -5.15 7.17 0 0
-5.135 -5.14 7.18 0 0
-5.125 -5.13 7.19 1 1.02743e-08
-5.115 -5.12 7.2 2 2.05485e-08
-5.105 -5.11 7.21 1 1.02743e-08
-5.095 -5.1 7.22 0 0
-5.085 -5.09 7.23 0 0
-5.075 -5.08 7.24 0 0
-5.065 -5.07 7.25 2 2.05485e-08
-5.055 -5.06 7.26 2 2.05485e-08
-5.045 -5.05 7.27 0 0
-5.035 -5.04 7.28 0 0
-5.025 -5.03 7.29 3 3.08228e-08
-5.015 -5.02 7.3 1 1.02743e-08
-5.005 -5.01 7.31 2 2.05485e-08
-4.995 -5 7.32 0 0
-4.985 -4.99 7.33 0 0
-4.975 -4.98 7.34 0 0
-4.965 -4.97 7.35 0 0
-4.955 -4.96 7.36 2 2.05485e-08
-4.945 -4.95 7.37 2 2.05485e-08
-4.935 -4.94 7.38 0 0
-4.925 -4.93 7.39 1 1.02743e-08
-4.915 -4.92 7.4 0 0
-4.905 -4.91 7.41 0 0
-4.895 -4.9 7.42 2 2.05485e-08
-4.885 -4.89 7.43 0 0
-4.875 -4.88 7.44 1 1.02743e-08
-4.865 -4.87 7.45 2 2.05485e-08
-4.855 -4.86 7.46 1 1.02743e-08
-4.845 -4.85 7.47 1 1.02743e-08
-4.835 -4.84 7.48 0 0
-4.825 -4.83 7.49 2 2.05485e-08
-4.815 -4.82 7.5 1 1.02743e-08
-4.805 -4.81 7.51 0 0
-4.795 -4.8 7.52 0 0
-4.785 -4.79 7.53 0 0
-4.775 -4.78 7.54 1 1.02743e-08
-4.765 -4.77 7.55 1 1.02743e-08
-4.755 -4.76 7.56 0 0
-4.745 -4.75 7.57 1 1.02743e-08
-4.735 -4.74 7.58 0 0
-4.725 -4.73 7.59 0 0
-4.715 -4.72 7.6 0 0
-4.705 -4.71 7.61 3 3.08228e-08
-4.695 -4.7 7.62 2 2.05485e-08
-4.685 -4.69 7.63 3 3.08228e-08
-4.675 -4.68 7.64 3 3.08228e-08
-4.665 -4.67 7.65 1 1.02743e-08
-4.655 -4.66 7.66 3 3.08228e-08
-4.645 -4.65 7.67 1 1.02743e-08
-4.635 -4.64 7.68 0 0
-4.625 -4.63 7.69 1 1.02743e-08
-4.615 -4.62 7.7 1 1.02743e-08
-4.605 -4.61 7.71 0 0
-4.595 -4.6 7.72 0 0
-4.585 -4.59 7.73 1 1.02743e-08
-4.575 -4.58 7.74 2 2.05485e-08
-4.565 -4.57 7.75 2 2.05485e-08
-4.555 -4.56 7.76 3 3.08228e-08
-4.545 -4.55 7.77 1 1.02743e-08
-4.535 -4.54 7.78 2 2.05485e-08
-4.525 -4.53 7.79 0 0
-4.515 -4.52 7.8 0 0
-4.505 -4.51 7.81 2 2.05485e-08
-4.495 -4.5 7.82 0 0
-4.485 -4.49 7.83 1 1.02743e-08
-4.475 -4.48 7.84 0 0
-4.465 -4.47 7.85 1 1.02743e-08
-4.455 -4.46 7.86 1 1.02743e-08
-4.445 -4.45 7.87 2 2.05485e-08
-4.435 -4.44 7.88 0 0
-4.425 -4.43 7.89 1 1.02743e-08
-4.415 -4.42 7.9 1 1.02743e-08
-4.405 -4.41 7.91 1 1.02743e-08
-4.395 -4.4 7.92 2 2.05485e-08
-4.385 -4.39 7.93 2 2.05485e-08
-4.375 -4.38 7.94 1 1.02743e-08
-4.365 -4.37 7.95 2 2.05485e-08
-4.355 -4.36 7.96 0 0
-4.345 -4.35 7.97 4 4.10971e-08
-4.335 -4.34 7.98 0 0
-4.325 -4.33 7.99 1 1.02743e-08
-4.315 -4.32 8 4 4.10971e-08
-4.305 -4.31 8.01 0 0
-4.295 -4.3 8.02 0 0
-4.285 -4.29 8.03 1 1.02743e-08
-4.275 -4.28 8.04 1 1.02743e-08
-4.265 -4.27 8.05 1 1.02743e-08
-4.255 -4.26 8.06 0 0
-4.245 -4.25 8.07 1 1.02743e-08
-4.235 -4.24 8.08 0 0
-4.225 -4.23 8.09 1 1.02743e-08
-4.215 -4.22 8.1 3 3.08228e-08
-4.205 -4.21 8.11 0 0
-4.195 -4.2 8.12 1 1.02743e-08
-4.185 -4.19 8.13 2 2.05485e-08
-4.175 -4.18 8.14 1 1.02743e-08
-4.165 -4.17 8.15 3 3.08228e-08
-4.155 -4.16 8.16 0 0
-4.145 -4.15 8.17 1 1.02743e-08
-4.135 -4.14 8.18 0 0
-4.125 -4.13 8.19 1 1.02743e-08
-4.115 -4.12 8.2 2 2.05485e-08
-4.105 -4.11 8.21 1 1.02743e-08
-4.095 -4.1 8.22 2 2.05485e-08
-4.085 -4.09 8.23 2 2.05485e-08
-4.075 -4.08 8.24 1 1.02743e-08
-4.065 -4.07 8.25 2 2.05485e-08
-4.055 -4.06 8.26 3 3.08228e-08
-4.045 -4.05 8.27 3 3.08228e-08
-4.035 -4.04 8.28 2 2.05485e-08
-4.025 -4.03 8.29 1 1.02743e-08
-4.015 -4.02 8.3 4 4.10971e-08
-4.005 -4.01 8.31 0 0
-3.995 -4 8.32 3 3.08228e-08
-3.985 -3.99 8.33 1 1.02743e-08
-3.975 -3.98 8.34 4 4.10971e-08
-3.965 -3.97 8.35 0 0
-3.955 -3.96 8.36 1 1.02743e-08
-3.945 -3.95 8.37 0 0
-3.935 -3.94 8.38 2 2.05485e-08
-3.925 -3.93 8.39 2 2.05485e-08
-3.915 -3.92 8.4 3 3.08228e-08
-3.905 -3.91 8.41 0 0
-3.895 -3.9 8.42 2 2.05485e-08
-3.885 -3.89 8.43 2 2.05485e-08
-3.875 -3.88 8.44 1 1.02743e-08
-3.865 -3.87 8.45 5 5.13713e-08
-3.855 -3.86 8.46 0 0
-3.845 -3.85 8.47 0 0
-3.835 -3.84 8.48 2 2.05485e-08
-3.825 -3.83 8.49 3 3.08228e-08
-3.815 -3.82 8.5 1 1.02743e-08
-3.805 -3.81 8.51 5 5.13713e-08
-3.795 -3.8 8.52 2 2.05485e-08
-3.785 -3.79 8.53 1 1.02743e-08
-3.775 -3.78 8.54 2 2.05485e-08
-3.765 -3.77 8.55 4 4.10971e-08
-3.755 -3.76 8.56 1 1.02743e-08
-3.745 -3.75 8.57 4 4.10971e-08
-3.735 -3.74 8.58 8 8.21941e-08
-3.725 -3.73 8.59 4 4.10971e-08
-3.715 -3.72 8.6 0 0
-3.705 -3.71 8.61 1 1.02743e-08
-3.695 -3.7 8.62 3 3.08228e-08
-3.685 -3.69 8.63 4 4.10971e-08
-3.675 -3.68 8.64 5 5.13713e-08
-3.665 -3.67 8.65 5 5.13713e-08
-3.655 -3.66 8.66 4 4.10971e-08
-3.645 -3.65 8.67 4 4.10971e-08
-3.635 -3.64 8.68 2 2.05485e-08
-3.625 -3.63 8.69 3 3.08228e-08
-3.615 -3.62 8.7 6 6.16456e-08
-3.605 -3.61 8.71 2 2.05485e-08
-3.595 -3.6 8.72 1 1.02743e-08
-3.585 -3.59 8.73 3 3.08228e-08
-3.575 -3.58 8.74 1 1.02743e-08
-3.565 -3.57 8.75 2 2.05485e-08
-3.555 -3.56 8.76 2 2.05485e-08
-3.545 -3.55 8.77 3 3.08228e-08
-3.535 -3.54 8.78 4 4.10971e-08
-3.525 -3.53 8.79 6 6.16456e-08
-3.515 -3.52 8.8 3 3.08228e-08
-3.505 -3.51 8.81 6 6.16456e-08
-3.495 -3.5 8.82 5 5.13713e-08
-3.485 -3.49 8.83 6 6.16456e-08
-3.475 -3.48 8.84 2 2.05485e-08
-3.465 -3.47 8.85 4 4.10971e-08
-3.455 -3.46 8.86 9 9.24684e-08
-3.445 -3.45 8.87 6 6.16456e-08
-3.435 -3.44 8.88 3 3.08228e-08
-3.425 -3.43 8.89 6 6.16456e-08
-3.415 -3.42 8.9 2 2.05485e-08
-3.405 -3.41 8.91 4 4.10971e-08
-3.395 -3.4 8.92 8 8.21941e-08
-3.385 -3.39 8.93 5 5.13713e-08
-3.375 -3.38 8.94 3 3.08228e-08
-3.365 -3.37 8.95 5 5.13713e-08
-3.355 -3.36 8.96 6 6.16456e-08
-3.345 -3.35 8.97 5 5.13713e-08
-3.335 -3.34 8.98 6 6.16456e-08
-3.325 -3.33 8.99 5 5.13713e-08
-3.315 -3.32 9 6 6.16456e-08
-3.305 -3.31 9.01 5 5.13713e-08
-3.295 -3.3 9.02 4 4.10971e-08
-3.285 -3.29 9.03 5 5.13713e-08
-3.275 -3.28 9.04 2 2.05485e-08
-3.265 -3.27 9.05 2 2.05485e-08
-3.255 -3.26 9.06 4 4.10971e-08
-3.245 -3.25 9.07 4 4.10971e-08
-3.235 -3.24 9.08 10 1.02743e-07
-3.225 -3.23 9.09 7 7.19199e-08
-3.215 -3.22 9.1 3 3.08228e-08
-3.205 -3.21 9.11 7 7.19199e-08
-3.195 -3.2 9.12 6 6.16456e-08
-3.185 -3.19 9.13 3 3.08228e-08
-3.175 -3.18 9.14 4 4.10971e-08
-3.165 -3.17 9.15 9 9.24684e-08
-3.155 -3.16 9.16 8 8.21941e-08
-3.145 -3.15 9.17 3 3.08228e-08
-3.135 -3.14 9.18 8 8.21941e-08
-3.125 -3.13 9.19 9 9.24684e-08
-3.115 -3.12 9.2 4 4.10971e-08
-3.105 -3.11 9.21 9 9.24684e-08
-3.095 -3.1 9.22 9 9.24684e-08
-3.085 -3.09 9.23 7 7.19199e-08
-3.075 -3.08 9.24 10 1.02743e-07
-3.065 -3.07 9.25 7 7.19199e-08
-3.055 -3.06 9.26 8 8.21941e-08
-3.045 -3.05 9.27 6 6.16456e-08
-3.035 -3.04 9.28 8 8.21941e-08
-3.025 -3.03 9.29 5 5.13713e-08
-3.015 -3.02 9.3 8 8.21941e-08
-3.005 -3.01 9.31 7 7.19199e-08
-2.995 -3 9.32 13 1.33565e-07
-2.985 -2.99 9.33 9 9.24684e-08
-2.975 -2.98 9.34 15 1.54114e-07
-2.965 -2.97 9.35 7 7.19199e-08
-2.955 -2.96 9.36 9 9.24684e-08
-2.945 -2.95 9.37 11 1.13017e-07
-2.935 -2.94 9.38 13 1.33565e-07
-2.925 -2.93 9.39 13 1.33565e-07
-2.915 -2.92 9.4 11 1.13017e-07
-2.905 -2.91 9.41 7 7.19199e-08
-2.895 -2.9 9.42 12 1.23291e-07
-2.885 -2.89 9.43 10 1.02743e-07
-2.875 -2.88 9.44 9 9.24684e-08
-2.865 -2.87 9.45 12 1.23291e-07
-2.855 -2.86 9.46 9 9.24684e-08
-2.845 -2.85 9.47 15 1.54114e-07
-2.835 -2.84 9.48 16 1.64388e-07
-2.825 -2.83 9.49 12 1.23291e-07
-2.815 -2.82 9.5 12 1.23291e-07
-2.805 -2.81 9.51 14 1.4384e-07
-2.795 -2.8 9.52 13 1.33565e-07
-2.785 -2.79 9.53 6 6.16456e-08
-2.775 -2.78 9.54 14 1.4384e-07
-2.765 -2.77 9.55 15 1.54114e-07
-2.755 -2.76 9.56 15 1.54114e-07
-2.745 -2.75 9.57 19 1.95211e-07
-2.735 -2.74 9.58 16 1.64388e-07
-2.725 -2.73 9.59 14 1.4384e-07
-2.715 -2.72 9.6 9 9.24684e-08
-2.705 -2.71 9.61 15 1.54114e-07
-2.695 -2.7 9.62 16 1.64388e-07
-2.685 -2.69 9.63 17 1.74663e-07
-2.675 -2.68 9.64 24 2.46582e-07
-2.665 -2.67 9.65 16 1.64388e-07
-2.655 -2.66 9.66 21 2.1576e-07
-2.645 -2.65 9.67 15 1.54114e-07
-2.635 -2.64 9.68 18 1.84937e-07
-2.625 -2.63 9.69 19 1.95211e-07
-2.615 -2.62 9.7 13 1.33565e-07
-2.605 -2.61 9.71 23 2.36308e-07
-2.595 -2.6 9.72 10 1.02743e-07
-2.585 -2.59 9.73 17 1.74663e-07
-2.575 -2.58 9.74 18 1.84937e-07
-2.565 -2.57 9.75 20 2.05485e-07
-2.555 -2.56 9.76 20 2.05485e-07
-2.545 -2.55 9.77 27 2.77405e-07
-2.535 -2.54 9.78 20 2.05485e-07
-2.525 -2.53 9.79 24 2.46582e-07
-2.515 -2.52 9.8 27 2.77405e-07
-2.505 -2.51 9.81 24 2.46582e-07
-2.495 -2.5 9.82 20 2.05485e-07
-2.485 -2.49 9.83 26 2.67131e-07
-2.475 -2.48 9.84 19 1.95211e-07
-2.465 -2.47 9.85 22 2.26034e-07
-2.455 -2.46 9.86 26 2.67131e-07
-2.445 -2.45 9.87 21 2.1576e-07
-2.435 -2.44 9.88 27 2.77405e-07
-2.425 -2.43 9.89 22 2.26034e-07
-2.415 -2.42 9.9 16 1.64388e-07
-2.405 -2.41 9.91 25 2.56857e-07
-2.395 -2.4 9.92 27 2.77405e-07
-2.385 -2.39 9.93 24 2.46582e-07
-2.375 -2.38 9.94 23 2.36308e-07
-2.365 -2.37 9.95 22 2.26034e-07
-2.355 -2.36 9.96 31 3.18502e-07
-2.345 -2.35 9.97 20 2.05485e-07
-2.335 -2.34 9.98 36 3.69874e-07
-2.325 -2.33 9.99 29 2.97954e-07
-2.315 -2.32 10 22 2.26034e-07
-2.305 -2.31 10.01 28 2.87679e-07
-2.295 -2.3 10.02 28 2.87679e-07
-2.285 -2.29 10.03 30 3.08228e-07
-2.275 -2.28 10.04 36 3.69874e-07
-2.265 -2.27 10.05 33 3.39051e-07
-2.255 -2.26 10.06 28 2.87679e-07
-2.245 -2.25 10.07 31 3.18502e-07
-2.235 -2.24 10.08 35 3.59599e-07
-2.225 -2.23 10.09 38 3.90422e-07
-2.215 -2.22 10.1 41 4.21245e-07
-2.205 -2.21 10.11 35 3.59599e-07
-2.195 -2.2 10.12 37 3.80148e-07
-2.185 -2.19 10.13 41 4.21245e-07
-2.175 -2.18 10.14 36 3.69874e-07
-2.165 -2.17 10.15 34 3.49325e-07
-2.155 -2.16 10.16 32 3.28776e-07
-2.145 -2.15 10.17 44 4.52068e-07
-2.135 -2.14 10.18 39 4.00696e-07
-2.125 -2.13 10.19 37 3.80148e-07
-2.115 -2.12 10.2 40 4.10971e-07
-2.105 -2.11 10.21 41 4.21245e-07
-2.095 -2.1 10.22 41 4.21245e-07
-2.085 -2.09 10.23 43 4.41793e-07
-2.075 -2.08 10.24 46 4.72616e-07
-2.065 -2.07 10.25 52 5.34262e-07
-2.055 -2.06 10.26 36 3.69874e-07
-2.045 -2.05 10.27 45 4.62342e-07
-2.035 -2.04 10.28 49 5.03439e-07
-2.025 -2.03 10.29 51 5.23988e-07
-2.015 -2.02 10.3 46 4.72616e-07
-2.005 -2.01 10.31 54 5.5481e-07
-1.995 -2 10.32 67 6.88376e-07
-1.985 -1.99 10.33 39 4.00696e-07
-1.975 -1.98 10.34 60 6.16456e-07
-1.965 -1.97 10.35 56 5.75359e-07
-1.955 -1.96 10.36 53 5.44536e-07
-1.945 -1.95 10.37 61 6.2673e-07
-1.935 -1.94 10.38 72 7.39747e-07
-1.925 -1.93 10.39 58 5.95907e-07
-1.915 -1.92 10.4 54 5.5481e-07
-1.905 -1.91 10.41 61 6.2673e-07
-1.895 -1.9 10.42 75 7.7057e-07
-1.885 -1.89 10.43 68 6.9865e-07
-1.875 -1.88 10.44 73 7.50021e-07
-1.865 -1.87 10.45 73 7.50021e-07
-1.855 -1.86 10.46 63 6.47279e-07
-1.845 -1.85 10.47 52 5.34262e-07
-1.835 -1.84 10.48 67 6.88376e-07
-1.825 -1.83 10.49 68 6.9865e-07
-1.815 -1.82 10.5 68 6.9865e-07
-1.805 -1.81 10.51 82 8.4249e-07
-1.795 -1.8 10.52 82 8.4249e-07
-1.785 -1.79 10.53 73 7.50021e-07
-1.775 -1.78 10.54 93 9.55507e-07
-1.765 -1.77 10.55 96 9.86329e-07
-1.755 -1.76 10.56 94 9.65781e-07
-1.745 -1.75 10.57 102 1.04798e-06
-1.735 -1.74 10.58 94 9.65781e-07
-1.725 -1.73 10.59 95 9.76055e-07
-1.715 -1.72 10.6 81 8.32216e-07
-1.705 -1.71 10.61 98 1.00688e-06
-1.695 -1.7 10.62 97 9.96604e-07
-1.685 -1.69 10.63 100 1.02743e-06
-1.675 -1.68 10.64 94 9.65781e-07
-1.665 -1.67 10.65 90 9.24684e-07
-1.655 -1.66 10.66 114 1.17127e-06
-1.645 -1.65 10.67 102 1.04798e-06
-1.635 -1.64 10.68 89 9.1441e-07
-1.625 -1.63 10.69 115 1.18154e-06
-1.615 -1.62 10.7 112 1.15072e-06
-1.605 -1.61 10.71 120 1.23291e-06
-1.595 -1.6 10.72 117 1.20209e-06
-1.585 -1.59 10.73 121 1.24319e-06
-1.575 -1.58 10.74 128 1.31511e-06
-1.565 -1.57 10.75 149 1.53087e-06
-1.555 -1.56 10.76 131 1.34593e-06
-1.545 -1.55 10.77 145 1.48977e-06
-1.535 -1.54 10.78 133 1.36648e-06
-1.525 -1.53 10.79 132 1.3562e-06
-1.515 -1.52 10.8 168 1.72608e-06
-1.505 -1.51 10.81 138 1.41785e-06
-1.495 -1.5 10.82 162 1.66443e-06
-1.485 -1.49 10.83 182 1.86992e-06
-1.475 -1.48 10.84 163 1.67471e-06
-1.465 -1.47 10.85 169 1.73635e-06
-1.455 -1.46 10.86 185 1.90074e-06
-1.445 -1.45 10.87 170 1.74663e-06
-1.435 -1.44 10.88 200 2.05485e-06
-1.425 -1.43 10.89 213 2.18842e-06
-1.415 -1.42 10.9 196 2.01376e-06
-1.405 -1.41 10.91 203 2.08568e-06
-1.395 -1.4 10.92 211 2.16787e-06
-1.385 -1.39 10.93 200 2.05485e-06
-1.375 -1.38 10.94 236 2.42473e-06
-1.365 -1.37 10.95 237 2.435e-06
-1.355 -1.36 10.96 238 2.44528e-06
-1.345 -1.35 10.97 246 2.52747e-06
-1.335 -1.34 10.98 251 2.57884e-06
-1.325 -1.33 10.99 262 2.69186e-06
-1.315 -1.32 11 308 3.16447e-06
-1.305 -1.31 11.01 281 2.88707e-06
-1.295 -1.3 11.02 316 3.24667e-06
-1.285 -1.29 11.03 298 3.06173e-06
-1.275 -1.28 11.04 302 3.10283e-06
-1.265 -1.27 11.05 345 3.54462e-06
-1.255 -1.26 11.06 349 3.58572e-06
-1.245 -1.25 11.07 331 3.40078e-06
-1.235 -1.24 11.08 377 3.8734e-06
-1.225 -1.23 11.09 403 4.14053e-06
-1.215 -1.22 11.1 413 4.24327e-06
-1.205 -1.21 11.11 403 4.14053e-06
-1.195 -1.2 11.12 413 4.24327e-06
-1.185 -1.19 11.13 445 4.57205e-06
-1.175 -1.18 11.14 463 4.75698e-06
-1.165 -1.17 11.15 477 4.90082e-06
-1.155 -1.16 11.16 495 5.08576e-06
-1.145 -1.15 11.17 493 5.06521e-06
-1.135 -1.14 11.18 492 5.05494e-06
-1.125 -1.13 11.19 554 5.69194e-06
-1.115 -1.12 11.2 552 5.67139e-06
-1.105 -1.11 11.21 579 5.9488e-06
-1.095 -1.1 11.22 604 6.20566e-06
-1.085 -1.09 11.23 624 6.41114e-06
-1.075 -1.08 11.24 681 6.99677e-06
-1.065 -1.07 11.25 716 7.35637e-06
-1.055 -1.06 11.26 722 7.41802e-06
-1.045 -1.05 11.27 740 7.60296e-06
-1.035 -1.04 11.28 807 8.29133e-06
-1.025 -1.03 11.29 783 8.04475e-06
-1.015 -1.02 11.3 858 8.81532e-06
-1.005 -1.01 11.31 901 9.25711e-06
-0.995 -1 11.32 941 9.66808e-06
-0.985 -0.99 11.33 875 8.98998e-06
-0.975 -0.98 11.34 962 9.88384e-06
-0.965 -0.969999 11.35 1048 1.07674e-05
-0.955 -0.96 11.36 1112 1.1425e-05
-0.945 -0.95 11.37 1075 1.10448e-05
-0.935 -0.94 11.38 1154 1.18565e-05
-0.925 -0.929999 11.39 1209 1.24216e-05
-0.915 -0.92 11.4 1326 1.36237e-05
-0.905 -0.91 11.41 1338 1.3747e-05
-0.895 -0.9 11.42 1369 1.40655e-05
-0.885 -0.889999 11.43 1403 1.44148e-05
-0.875 -0.88 11.44 1471 1.51134e-05
-0.865 -0.87 11.45 1571 1.61409e-05
-0.855 -0.86 11.46 1767 1.81546e-05
-0.845 -0.849999 11.47 1771 1.81957e-05
-0.835 -0.84 11.48 1791 1.84012e-05
-0.825 -0.83 11.49 1903 1.95519e-05
-0.815 -0.82 11.5 1942 1.99526e-05
-0.805 -0.809999 11.51 2095 2.15246e-05
-0.795 -0.8 11.52 2188 2.24801e-05
-0.785 -0.79 11.53 2309 2.37233e-05
-0.775 -0.78 11.54 2441 2.50795e-05
-0.765 -0.77 11.55 2404 2.46993e-05
-0.755 -0.759999 11.56 2568 2.63843e-05
-0.745 -0.75 11.57 2739 2.81412e-05
-0.735 -0.74 11.58 2852 2.93022e-05
-0.725 -0.73 11.59 3157 3.24359e-05
-0.715 -0.719999 11.6 3182 3.26927e-05
-0.705 -0.71 11.61 3475 3.57031e-05
-0.695 -0.7 11.62 3511 3.60729e-05
-0.685 -0.69 11.63 3854 3.9597e-05
-0.675 -0.679999 11.64 4129 4.24224e-05
-0.665 -0.67 11.65 4186 4.30081e-05
-0.655 -0.66 11.66 4355 4.47444e-05
-0.645 -0.65 11.67 4685 4.81349e-05
-0.635 -0.639999 11.68 4949 5.08473e-05
-0.625 -0.63 11.69 5236 5.37961e-05
-0.615 -0.62 11.7 5484 5.63441e-05
-0.605 -0.61 11.71 5899 6.06079e-05
-0.595 -0.599999 11.72 6230 6.40087e-05
-0.585 -0.59 11.73 6751 6.93616e-05
-0.575 -0.58 11.74 6981 7.17246e-05
-0.565 -0.57 11.75 7453 7.65741e-05
-0.555 -0.559999 11.76 8136 8.35914e-05
-0.545 -0.55 11.77 8444 8.67559e-05
-0.535 -0.54 11.78 9211 9.46363e-05
-0.525 -0.53 11.79 9531 9.7924e-05
-0.515 -0.52 11.8 10144 0.000104222
-0.505 -0.509999 11.81 10883 0.000111815
-0.495 -0.5 11.82 11672 0.000119921
-0.485 -0.49 11.83 12532 0.000128757
-0.475 -0.48 11.84 13479 0.000138487
-0.465 -0.469999 11.85 14522 0.000149203
-0.455 -0.46 11.86 15442 0.000158655
-0.445 -0.45 11.87 16812 0.000172731
-0.435 -0.44 11.88 18125 0.000186221
-0.425 -0.429999 11.89 19687 0.000202269
-0.415 -0.42 11.9 21257 0.0002184
-0.405 -0.41 11.91 23156 0.000237911
-0.395 -0.4 11.92 24820 0.000255007
-0.385 -0.389999 11.93 26945 0.00027684
-0.375 -0.38 11.94 29840 0.000306584
-0.365 -0.37 11.95 32375 0.000332629
-0.355 -0.36 11.96 35446 0.000364182
-0.345 -0.349999 11.97 39186 0.000402607
-0.335 -0.34 11.98 43124 0.000443067
-0.325 -0.33 11.99 47739 0.000490483
-0.315 -0.32 12 52384 0.000538207
-0.305 -0.309999 12.01 58293 0.000598918
-0.295 -0.3 12.02 65942 0.000677506
-0.285 -0.29 12.03 72843 0.000748408
-0.275 -0.28 12.04 82164 0.000844175
-0.265 -0.27 12.05 91978 0.000945006
-0.255 -0.259999 12.06 103917 0.00106767
-0.245 -0.25 12.07 118190 0.00121432
-0.235 -0.24 12.08 135103 0.00138808
-0.225 -0.23 12.09 153911 0.00158132
-0.215 -0.219999 12.1 177472 0.00182339
-0.205 -0.21 12.11 204457 0.00210065
-0.195 -0.2 12.12 236742 0.00243235
-0.185 -0.19 12.13 275799 0.00283363
-0.175 -0.179999 12.14 323419 0.00332289
-0.165 -0.17 12.15 381967 0.00392443
-0.155 -0.16 12.16 453437 0.00465873
-0.145 -0.15 12.17 540473 0.00555296
-0.135 -0.139999 12.18 650506 0.00668347
-0.125 -0.13 12.19 785638 0.00807185
-0.115 -0.12 12.2 960119 0.00986452
-0.105 -0.11 12.21 1180992 0.0121338
-0.0949997 -0.0999994 12.22 1468285 0.0150856
-0.0849997 -0.0900002 12.23 1835778 0.0188613
-0.0749997 -0.0799999 12.24 2317842 0.0238141
-0.0649997 -0.0699997 12.25 2939279 0.0301989
-0.0549997 -0.0599995 12.26 3726192 0.0382839
-0.0449997 -0.0500002 12.27 4703232 0.0483223
-0.0349997 -0.04 12.28 5872944 0.0603402
-0.0249997 -0.0299997 12.29 7188418 0.0738557
-0.0149997 -0.0199995 12.3 8542644 0.0877694
-0.00499974 -0.00999928 12.31 9483892 0.09744
0.00500026 0 12.32 8446152 0.086778
0.0150003 0.0100002 12.33 6174533 0.0634388
0.0250003 0.0200005 12.34 4477000 0.0459979
0.0350003 0.0300007 12.35 3344633 0.0343636
0.0450003 0.04 12.36 2575501 0.0264614
0.0550003 0.0500002 12.37 2045978 0.0210209
0.0650003 0.0600004 12.38 1657256 0.0170271
0.0750003 0.0700006 12.39 1375138 0.0141285
0.0850003 0.0799999 12.4 1160451 0.0119228
0.0950003 0.0900002 12.41 988766 0.0101588
0.105 0.1 12.42 856845 0.00880345
0.115 0.110001 12.43 746035 0.00766496
0.125 0.12 12.44 655895 0.00673884
0.135 0.13 12.45 580722 0.00596649
0.145 0.14 12.46 518836 0.00533066
0.155 0.150001 12.47 463615 0.0047633
0.165 0.16 12.48 418974 0.00430465
0.175 0.17 12.49 379526 0.00389935
0.185 0.18 12.5 344542 0.00353992
0.195 0.190001 12.51 315226 0.00323872
0.205 0.2 12.52 289335 0.0029727
0.215 0.21 12.53 266323 0.00273627
0.225 0.22 12.54 246285 0.0025304
0.235 0.23 12.55 228090 0.00234346
0.245 0.240001 12.56 211417 0.00217215
0.255 0.25 12.57 196071 0.00201449
0.265 0.26 12.58 181393 0.00186368
0.275 0.27 12.59 169944 0.00174605
0.285 0.280001 12.6 158297 0.00162639
0.295 0.29 12.61 147686 0.00151737
0.305 0.3 12.62 137201 0.00140964
0.315 0.31 12.63 128377 0.00131898
0.325 0.320001 12.64 119083 0.00122349
0.335 0.33 12.65 111166 0.00114215
0.345 0.34 12.66 102743 0.00105561
0.355 0.35 12.67 95627 0.000982497
0.365 0.360001 12.68 88726 0.000911594
0.375 0.37 12.69 82661 0.000849281
0.385 0.38 12.7 76941 0.000790512
0.395 0.39 12.71 70483 0.000724161
0.405 0.400001 12.72 65613 0.000674125
0.415 0.41 12.73 60931 0.000626021
0.425 0.42 12.74 55815 0.000573458
0.435 0.43 12.75 51174 0.000525775
0.445 0.440001 12.76 47005 0.000482942
0.455 0.45 12.77 43332 0.000445204
0.465 0.46 12.78 39290 0.000403676
0.475 0.47 12.79 36434 0.000374333
0.485 0.48 12.8 33203 0.000341136
0.495 0.49 12.81 30713 0.000315554
0.505 0.5 12.82 27797 0.000285594
0.515 0.51 12.83 25901 0.000266114
0.525 0.52 12.84 23217 0.000238538
0.535 0.530001 12.85 21344 0.000219294
0.545 0.54 12.86 19671 0.000202105
0.555 0.55 12.87 18145 0.000186427
0.565 0.56 12.88 16663 0.0001712
0.575 0.570001 12.89 15148 0.000155635
0.585 0.58 12.9 13823 0.000142021
0.595 0.59 12.91 12760 0.0001311
0.605 0.6 12.92 11892 0.000122182
0.615 0.610001 12.93 10730 0.000110243
0.625 0.62 12.94 9894 0.000101654
0.635 0.63 12.95 9395 9.65267e-05
0.645 0.64 12.96 8628 8.86464e-05
0.655 0.650001 12.97 7828 8.0427e-05
0.665 0.66 12.98 7383 7.58549e-05
0.675 0.67 12.99 6822 7.0091e-05
0.685 0.68 13 6147 6.31559e-05
0.695 0.690001 13.01 5942 6.10497e-05
0.705 0.7 13.02 5383 5.53064e-05
0.715 0.71 13.03 4997 5.13405e-05
0.725 0.72 13.04 4763 4.89363e-05
0.735 0.73 13.05 4422 4.54328e-05
0.745 0.74 13.06 4188 4.30286e-05
0.755 0.75 13.07 3871 3.97717e-05
0.765 0.76 13.08 3634 3.73367e-05
0.775 0.77 13.09 3362 3.45421e-05
0.785 0.780001 13.1 3300 3.39051e-05
0.795 0.79 13.11 3057 3.14084e-05
0.805 0.8 13.12 2858 2.93638e-05
0.815 0.81 13.13 2744 2.81926e-05
0.825 0.820001 13.14 2500 2.56857e-05
0.835 0.83 13.15 2388 2.45349e-05
0.845 0.84 13.16 2322 2.38568e-05
0.855 0.85 13.17 2174 2.23363e-05
0.865 0.860001 13.18 2013 2.06821e-05
0.875 0.87 13.19 1891 1.94286e-05
0.885 0.88 13.2 1888 1.93978e-05
0.895 0.89 13.21 1772 1.8206e-05
0.905 0.900001 13.22 1733 1.78053e-05
0.915 0.91 13.23 1529 1.57094e-05
0.925 0.92 13.24 1545 1.58737e-05
0.935 0.93 13.25 1472 1.51237e-05
0.945 0.940001 13.26 1373 1.41066e-05
0.955 0.95 13.27 1257 1.29148e-05
0.965 0.96 13.28 1272 1.30689e-05
0.975 0.97 13.29 1171 1.20312e-05
0.985 0.98 13.3 1116 1.14661e-05
0.995 0.99 13.31 1130 1.16099e-05
1.005 1 13.32 1076 1.10551e-05
1.015 1.01 13.33 992 1.01921e-05
1.025 1.02 13.34 977 1.0038e-05
1.035 1.03 13.35 952 9.7811e-06
1.045 1.04 13.36 898 9.22629e-06
1.055 1.05 13.37 800 8.21941e-06
1.065 1.06 13.38 837 8.59956e-06
1.075 1.07 13.39 749 7.69542e-06
1.085 1.08 13.4 756 7.76734e-06
1.095 1.09 13.41 748 7.68515e-06
1.105 1.1 13.42 699 7.18171e-06
1.115 1.11 13.43 644 6.61663e-06
1.125 1.12 13.44 648 6.65772e-06
1.135 1.13 13.45 587 6.03099e-06
1.145 1.14 13.46 635 6.52416e-06
1.155 1.15 13.47 565 5.80496e-06
1.165 1.16 13.48 529 5.43509e-06
1.175 1.17 13.49 547 5.62002e-06
1.185 1.18 13.5 502 5.15768e-06
1.195 1.19 13.51 457 4.69534e-06
1.205 1.2 13.52 483 4.96247e-06
1.215 1.21 13.53 408 4.1919e-06
1.225 1.22 13.54 484 4.97274e-06
1.235 1.23 13.55 435 4.46931e-06
1.245 1.24 13.56 420 4.31519e-06
1.255 1.25 13.57 396 4.06861e-06
1.265 1.26 13.58 378 3.88367e-06
1.275 1.27 13.59 335 3.44188e-06
1.285 1.28 13.6 356 3.65764e-06
1.295 1.29 13.61 368 3.78093e-06
1.305 1.3 13.62 321 3.29804e-06
1.315 1.31 13.63 361 3.70901e-06
1.325 1.32 13.64 340 3.49325e-06
1.335 1.33 13.65 318 3.26722e-06
1.345 1.34 13.66 268 2.7535e-06
1.355 1.35 13.67 259 2.66103e-06
1.365 1.36 13.68 265 2.72268e-06
1.375 1.37 13.69 291 2.98981e-06
1.385 1.38 13.7 240 2.46582e-06
1.395 1.39 13.71 253 2.59939e-06
1.405 1.4 13.72 257 2.64049e-06
1.415 1.41 13.73 246 2.52747e-06
1.425 1.42 13.74 210 2.1576e-06
1.435 1.43 13.75 219 2.25006e-06
1.445 1.44 13.76 231 2.37336e-06
1.455 1.45 13.77 207 2.12677e-06
1.465 1.46 13.78 189 1.94184e-06
1.475 1.47 13.79 219 2.25006e-06
1.485 1.48 13.8 202 2.0754e-06
1.495 1.49 13.81 200 2.05485e-06
1.505 1.5 13.82 192 1.97266e-06
1.515 1.51 13.83 177 1.81855e-06
1.525 1.52 13.84 187 1.92129e-06
1.535 1.53 13.85 154 1.58224e-06
1.545 1.54 13.86 140 1.4384e-06
1.555 1.55 13.87 165 1.69525e-06
1.565 1.56 13.88 142 1.45895e-06
1.575 1.57 13.89 165 1.69525e-06
1.585 1.58 13.9 149 1.53087e-06
1.595 1.59 13.91 133 1.36648e-06
1.605 1.6 13.92 126 1.29456e-06
1.615 1.61 13.93 147 1.51032e-06
1.625 1.62 13.94 141 1.44867e-06
1.635 1.63 13.95 129 1.32538e-06
1.645 1.64 13.96 141 1.44867e-06
1.655 1.65 13.97 116 1.19181e-06
1.665 1.66 13.98 130 1.33565e-06
1.675 1.67 13.99 111 1.14044e-06
1.685 1.68 14 125 1.28428e-06
1.695 1.69 14.01 113 1.16099e-06
1.705 1.7 14.02 118 1.21236e-06
1.715 1.71 14.03 113 1.16099e-06
1.725 1.72 14.04 98 1.00688e-06
1.735 1.73 14.05 126 1.29456e-06
1.745 1.74 14.06 115 1.18154e-06
1.755 1.75 14.07 97 9.96604e-07
1.765 1.76 14.08 92 9.45232e-07
1.775 1.77 14.09 87 8.93861e-07
1.785 1.78 14.1 96 9.86329e-07
1.795 1.79 14.11 96 9.86329e-07
1.805 1.8 14.12 98 1.00688e-06
1.815 1.81 14.13 97 9.96604e-07
1.825 1.82 14.14 92 9.45232e-07
1.835 1.83 14.15 86 8.83587e-07
1.845 1.84 14.16 75 7.7057e-07
1.855 1.85 14.17 76 7.80844e-07
1.865 1.86 14.18 91 9.34958e-07
1.875 1.87 14.19 71 7.29473e-07
1.885 1.88 14.2 83 8.52764e-07
1.895 1.89 14.21 86 8.83587e-07
1.905 1.9 14.22 79 8.11667e-07
1.915 1.91 14.23 99 1.01715e-06
1.925 1.92 14.24 70 7.19199e-07
1.935 1.93 14.25 63 6.47279e-07
1.945 1.94 14.26 72 7.39747e-07
1.955 1.95 14.27 67 6.88376e-07
1.965 1.96 14.28 62 6.37004e-07
1.975 1.97 14.29 56 5.75359e-07
1.985 1.98 14.3 69 7.08924e-07
1.995 1.99 14.31 56 5.75359e-07
2.005 2 14.32 61 6.2673e-07
2.015 2.01 14.33 71 7.29473e-07
2.025 2.02 14.34 50 5.13713e-07
2.035 2.03 14.35 66 6.78102e-07
2.045 2.04 14.36 43 4.41793e-07
2.055 2.05 14.37 54 5.5481e-07
2.065 2.06 14.38 53 5.44536e-07
2.075 2.07 14.39 50 5.13713e-07
2.085 2.08 14.4 55 5.65085e-07
2.095 2.09 14.41 54 5.5481e-07
2.105 2.1 14.42 59 6.06182e-07
2.115 2.11 14.43 51 5.23988e-07
2.125 2.12 14.44 69 7.08924e-07
2.135 2.13 14.45 54 5.5481e-07
2.145 2.14 14.46 49 5.03439e-07
2.155 2.15 14.47 50 5.13713e-07
2.165 2.16 14.48 40 4.10971e-07
2.175 2.17 14.49 56 5.75359e-07
2.185 2.18 14.5 41 4.21245e-07
2.195 2.19 14.51 41 4.21245e-07
2.205 2.2 14.52 42 4.31519e-07
2.215 2.21 14.53 49 5.03439e-07
2.225 2.22 14.54 46 4.72616e-07
2.235 2.23 14.55 27 2.77405e-07
2.245 2.24 14.56 44 4.52068e-07
2.255 2.25 14.57 38 3.90422e-07
2.265 2.26 14.58 42 4.31519e-07
2.275 2.27 14.59 41 4.21245e-07
2.285 2.28 14.6 37 3.80148e-07
2.295 2.29 14.61 43 4.41793e-07
2.305 2.3 14.62 41 4.21245e-07
2.315 2.31 14.63 33 3.39051e-07
2.325 2.32 14.64 50 5.13713e-07
2.335 2.33 14.65 37 3.80148e-07
2.345 2.34 14.66 42 4.31519e-07
2.355 2.35 14.67 42 4.31519e-07
2.365 2.36 14.68 28 2.87679e-07
2.375 2.37 14.69 33 3.39051e-07
2.385 2.38 14.7 37 3.80148e-07
2.395 2.39 14.71 42 4.31519e-07
2.405 2.4 14.72 25 2.56857e-07
2.415 2.41 14.73 38 3.90422e-07
2.425 2.42 14.74 47 4.8289e-07
2.435 2.43 14.75 29 2.97954e-07
2.445 2.44 14.76 19 1.95211e-07
2.455 2.45 14.77 28 2.87679e-07
2.465 2.46 14.78 41 4.21245e-07
2.475 2.47 14.79 41 4.21245e-07
2.485 2.48 14.8 30 3.08228e-07
2.495 2.49 14.81 37 3.80148e-07
2.505 2.5 14.82 27 2.77405e-07
2.515 2.51 14.83 21 2.1576e-07
2.525 2.52 14.84 32 3.28776e-07
2.535 2.53 14.85 26 2.67131e-07
2.545 2.54 14.86 28 2.87679e-07
2.555 2.55 14.87 22 2.26034e-07
2.565 2.56 14.88 28 2.87679e-07
2.575 2.57 14.89 29 2.97954e-07
2.585 2.58 14.9 19 1.95211e-07
2.595 2.59 14.91 25 2.56857e-07
2.605 2.6 14.92 21 2.1576e-07
2.615 2.61 14.93 30 3.08228e-07
2.625 2.62 14.94 32 3.28776e-07
2.635 2.63 14.95 27 2.77405e-07
2.645 2.64 14.96 18 1.84937e-07
2.655 2.65 14.97 29 2.97954e-07
2.665 2.66 14.98 25 2.56857e-07
2.675 2.67 14.99 23 2.36308e-07
2.685 2.68 15 26 2.67131e-07
2.695 2.69 15.01 22 2.26034e-07
2.705 2.7 15.02 21 2.1576e-07
2.715 2.71 15.03 17 1.74663e-07
2.725 2.72 15.04 22 2.26034e-07
2.735 2.73 15.05 17 1.74663e-07
2.745 2.74 15.06 17 1.74663e-07
2.755 2.75 15.07 27 2.77405e-07
2.765 2.76 15.08 19 1.95211e-07
2.775 2.77 15.09 17 1.74663e-07
2.785 2.78 15.1 18 1.84937e-07
2.795 2.79 15.11 23 2.36308e-07
2.805 2.8 15.12 22 2.26034e-07
2.815 2.81 15.13 19 1.95211e-07
2.825 2.82 15.14 19 1.95211e-07
2.835 2.83 15.15 24 2.46582e-07
2.845 2.84 15.16 16 1.64388e-07
2.855 2.85 15.17 16 1.64388e-07
2.865 2.86 15.18 19 1.95211e-07
2.875 2.87 15.19 12 1.23291e-07
2.885 2.88 15.2 24 2.46582e-07
2.895 2.89 15.21 11 1.13017e-07
2.905 2.9 15.22 25 2.56857e-07
2.915 2.91 15.23 16 1.64388e-07
2.925 2.92 15.24 10 1.02743e-07
2.935 2.93 15.25 16 1.64388e-07
2.945 2.94 15.26 13 1.33565e-07
2.955 2.95 15.27 13 1.33565e-07
2.965 2.96 15.28 13 1.33565e-07
2.975 2.97 15.29 14 1.4384e-07
2.985 2.98 15.3 14 1.4384e-07
2.995 2.99 15.31 15 1.54114e-07
3.005 3 15.32 12 1.23291e-07
3.015 3.01 15.33 16 1.64388e-07
3.025 3.02 15.34 8 8.21941e-08
3.035 3.03 15.35 14 1.4384e-07
3.045 3.04 15.36 12 1.23291e-07
3.055 3.05 15.37 14 1.4384e-07
3.065 3.06 15.38 15 1.54114e-07
3.075 3.07 15.39 10 1.02743e-07
3.085 3.08 15.4 16 1.64388e-07
3.095 3.09 15.41 11 1.13017e-07
3.105 3.1 15.42 13 1.33565e-07
3.115 3.11 15.43 13 1.33565e-07
3.125 3.12 15.44 3 3.08228e-08
3.135 3.13 15.45 13 1.33565e-07
3.145 3.14 15.46 11 1.13017e-07
3.155 3.15 15.47 11 1.13017e-07
3.165 3.16 15.48 12 1.23291e-07
3.175 3.17 15.49 10 1.02743e-07
3.185 3.18 15.5 9 9.24684e-08
3.195 3.19 15.51 11 1.13017e-07
3.205 3.2 15.52 3 3.08228e-08
3.215 3.21 15.53 6 6.16456e-08
3.225 3.22 15.54 10 1.02743e-07
3.235 3.23 15.55 13 1.33565e-07
3.245 3.24 15.56 12 1.23291e-07
3.255 3.25 15.57 12 1.23291e-07
3.265 3.26 15.58 6 6.16456e-08
3.275 3.27 15.59 13 1.33565e-07
3.285 3.28 15.6 10 1.02743e-07
3.295 3.29 15.61 8 8.21941e-08
3.305 3.3 15.62 8 8.21941e-08
3.315 3.31 15.63 10 1.02743e-07
3.325 3.32 15.64 5 5.13713e-08
3.335 3.33 15.65 4 4.10971e-08
3.345 3.34 15.66 4 4.10971e-08
3.355 3.35 15.67 6 6.16456e-08
3.365 3.36 15.68 5 5.13713e-08
3.375 3.37 15.69 13 1.33565e-07
3.385 3.38 15.7 10 1.02743e-07
3.395 3.39 15.71 12 1.23291e-07
3.405 3.4 15.72 7 7.19199e-08
3.415 3.41 15.73 7 7.19199e-08
3.425 3.42 15.74 3 3.08228e-08
3.435 3.43 15.75 6 6.16456e-08
3.445 3.44 15.76 7 7.19199e-08
3.455 3.45 15.77 4 4.10971e-08
3.465 3.46 15.78 9 9.24684e-08
3.475 3.47 15.79 4 4.10971e-08
3.485 3.48 15.8 6 6.16456e-08
3.495 3.49 15.81 4 4.10971e-08
3.505 3.5 15.82 6 6.16456e-08
3.515 3.51 15.83 5 5.13713e-08
3.525 3.52 15.84 8 8.21941e-08
3.535 3.53 15.85 7 7.19199e-08
3.545 3.54 15.86 9 9.24684e-08
3.555 3.55 15.87 5 5.13713e-08
3.565 3.56 15.88 7 7.19199e-08
3.575 3.57 15.89 4 4.10971e-08
3.585 3.58 15.9 3 3.08228e-08
3.595 3.59 15.91 6 6.16456e-08
3.605 3.6 15.92 7 7.19199e-08
3.615 3.61 15.93 4 4.10971e-08
3.625 3.62 15.94 9 9.24684e-08
3.635 3.63 15.95 3 3.08228e-08
3.645 3.64 15.96 9 9.24684e-08
3.655 3.65 15.97 2 2.05485e-08
3.665 3.66 15.98 7 7.19199e-08
3.675 3.67 15.99 8 8.21941e-08
3.685 3.68 16 5 5.13713e-08
3.695 3.69 16.01 7 7.19199e-08
3.705 3.7 16.02 3 3.08228e-08
3.715 3.71 16.03 4 4.10971e-08
3.725 3.72 16.04 5 5.13713e-08
3.735 3.73 16.05 3 3.08228e-08
3.745 3.74 16.06 6 6.16456e-08
3.755 3.75 16.07 4 4.10971e-08
3.765 3.76 16.08 6 6.16456e-08
3.775 3.77 16.09 2 2.05485e-08
3.785 3.78 16.1 4 4.10971e-08
3.795 3.79 16.11 5 5.13713e-08
3.805 3.8 16.12 3 3.08228e-08
3.815 3.81 16.13 4 4.10971e-08
3.825 3.82 16.14 4 4.10971e-08
3.835 3.83 16.15 5 5.13713e-08
3.845 3.84 16.16 5 5.13713e-08
3.855 3.85 16.17 5 5.13713e-08
3.865 3.86 16.18 5 5.13713e-08
3.875 3.87 16.19 4 4.10971e-08
3.885 3.88 16.2 4 4.10971e-08
3.895 3.89 16.21 2 2.05485e-08
3.905 3.9 16.22 5 5.13713e-08
3.915 3.91 16.23 3 3.08228e-08
3.925 3.92 16.24 8 8.21941e-08
3.935 3.93 16.25 4 4.10971e-08
3.945 3.94 16.26 7 7.19199e-08
3.955 3.95 16.27 3 3.08228e-08
3.965 3.96 16.28 5 5.13713e-08
3.975 3.97 16.29 5 5.13713e-08
3.985 3.98 16.3 3 3.08228e-08
3.995 3.99 16.31 1 1.02743e-08
4.005 4 16.32 4 4.10971e-08
4.015 4.01 16.33 5 5.13713e-08
4.025 4.02 16.34 1 1.02743e-08
4.035 4.03 16.35 3 3.08228e-08
4.045 4.04 16.36 1 1.02743e-08
4.055 4.05 16.37 5 5.13713e-08
4.065 4.06 16.38 3 3.08228e-08
4.075 4.07 16.39 1 1.02743e-08
4.085 4.08 16.4 3 3.08228e-08
4.095 4.09 16.41 1 1.02743e-08
4.105 4.1 16.42 4 4.10971e-08
4.115 4.11 16.43 8 8.21941e-08
4.125 4.12 16.44 1 1.02743e-08
4.135 4.13 16.45 2 2.05485e-08
4.145 4.14 16.46 4 4.10971e-08
4.155 4.15 16.47 3 3.08228e-08
4.165 4.16 16.48 2 2.05485e-08
4.175 4.17 16.49 4 4.10971e-08
4.185 4.18 16.5 1 1.02743e-08
4.195 4.19 16.51 3 3.08228e-08
4.205 4.2 16.52 6 6.16456e-08
4.215 4.21 16.53 3 3.08228e-08
4.225 4.22 16.54 4 4.10971e-08
4.235 4.23 16.55 2 2.05485e-08
4.245 4.24 16.56 2 2.05485e-08
4.255 4.25 16.57 0 0
4.265 4.26 16.58 2 2.05485e-08
4.275 4.27 16.59 2 2.05485e-08
4.285 4.28 16.6 2 2.05485e-08
4.295 4.29 16.61 2 2.05485e-08
4.305 4.3 16.62 2 2.05485e-08
4.315 4.31 16.63 4 4.10971e-08
4.325 4.32 16.64 1 1.02743e-08
4.335 4.33 16.65 3 3.08228e-08
4.345 4.34 16.66 3 3.08228e-08
4.355 4.35 16.67 1 1.02743e-08
4.365 4.36 16.68 3 3.08228e-08
4.375 4.37 16.69 3 3.08228e-08
4.385 4.38 16.7 2 2.05485e-08
4.395 4.39 16.71 3 3.08228e-08
4.405 4.4 16.72 3 3.08228e-08
4.415 4.41 16.73 0 0
4.425 4.42 16.74 0 0
4.435 4.43 16.75 0 0
4.445 4.44 16.76 4 4.10971e-08
4.455 4.45 16.77 0 0
4.465 4.46 16.78 1 1.02743e-08
4.475 4.47 16.79 0 0
4.485 4.48 16.8 2 2.05485e-08
4.495 4.49 16.81 1 1.02743e-08
4.505 4.5 16.82 3 3.08228e-08
4.515 4.51 16.83 1 1.02743e-08
4.525 4.52 16.84 2 2.05485e-08
4.535 4.53 16.85 1 1.02743e-08
4.545 4.54 16.86 3 3.08228e-08
4.555 4.55 16.87 1 1.02743e-08
4.565 4.56 16.88 0 0
4.575 4.57 16.89 1 1.02743e-08
4.585 4.58 16.9 2 2.05485e-08
4.595 4.59 16.91 3 3.08228e-08
4.605 4.6 16.92 1 1.02743e-08
4.615 4.61 16.93 0 0
4.625 4.62 16.94 1 1.02743e-08
4.635 4.63 16.95 2 2.05485e-08
4.645 4.64 16.96 2 2.05485e-08
4.655 4.65 16.97 1 1.02743e-08
4.665 4.66 16.98 0 0
4.675 4.67 16.99 1 1.02743e-08
4.685 4.68 17 2 2.05485e-08
4.695 4.69 17.01 1 1.02743e-08
4.705 4.7 17.02 0 0
4.715 4.71 17.03 1 1.02743e-08
4.725 4.72 17.04 2 2.05485e-08
4.735 4.73 17.05 1 1.02743e-08
4.745 4.74 17.06 2 2.05485e-08
4.755 4.75 17.07 0 0
4.765 4.76 17.08 1 1.02743e-08
4.775 4.77 17.09 3 3.08228e-08
4.785 4.78 17.1 3 3.08228e-08
4.795 4.79 17.11 1 1.02743e-08
4.805 4.8 17.12 2 2.05485e-08
4.815 4.81 17.13 3 3.08228e-08
4.825 4.82 17.14 0 0
4.835 4.83 17.15 1 1.02743e-08
4.845 4.84 17.16 4 4.10971e-08
4.855 4.85 17.17 3 3.08228e-08
4.865 4.86 17.18 3 3.08228e-08
4.875 4.87 17.19 2 2.05485e-08
4.885 4.88 17.2 0 0
4.895 4.89 17.21 0 0
4.905 4.9 17.22 2 2.05485e-08
4.915 4.91 17.23 0 0
4.925 4.92 17.24 0 0
4.935 4.93 17.25 3 3.08228e-08
4.945 4.94 17.26 1 1.02743e-08
4.955 4.95 17.27 1 1.02743e-08
4.965 4.96 17.28 1 1.02743e-08
4.975 4.97 17.29 1 1.02743e-08
4.985 4.98 17.3 3 3.08228e-08
4.995 4.99 17.31 0 0
5.005 5 17.32 1 1.02743e-08
5.015 5.01 17.33 1 1.02743e-08
5.025 5.02 17.34 3 3.08228e-08
5.035 5.03 17.35 2 2.05485e-08
5.045 5.04 17.36 0 0
5.055 5.05 17.37 0 0
5.065 5.06 17.38 1 1.02743e-08
5.075 5.07 17.39 2 2.05485e-08
5.085 5.08 17.4 3 3.08228e-08
5.095 5.09 17.41 0 0
5.105 5.1 17.42 3 3.08228e-08
5.115 5.11 17.43 2 2.05485e-08
5.125 5.12 17.44 1 1.02743e-08
5.135 5.13 17.45 1 1.02743e-08
5.145 5.14 17.46 1 1.02743e-08
5.155 5.15 17.47 1 1.02743e-08
5.165 5.16 17.48 0 0
5.175 5.17 17.49 3 3.08228e-08
5.185 5.18 17.5 0 0
5.195 5.19 17.51 3 3.08228e-08
5.205 5.2 17.52 3 3.08228e-08
5.215 5.21 17.53 0 0
5.225 5.22 17.54 1 1.02743e-08
5.235 5.23 17.55 1 1.02743e-08
5.245 5.24 17.56 1 1.02743e-08
5.255 5.25 17.57 1 1.02743e-08
5.265 5.26 17.58 0 0
5.275 5.27 17.59 1 1.02743e-08
5.285 5.28 17.6 1 1.02743e-08
5.295 5.29 17.61 0 0
5.305 5.3 17.62 0 0
5.315 5.31 17.63 3 3.08228e-08
5.325 5.32 17.64 1 1.02743e-08
5.335 5.33 17.65 1 1.02743e-08
5.345 5.34 17.66 1 1.02743e-08
5.355 5.35 17.67 3 3.08228e-08
5.365 5.36 17.68 1 1.02743e-08
5.375 5.37 17.69 1 1.02743e-08
5.385 5.38 17.7 0 0
5.395 5.39 17.71 1 1.02743e-08
5.405 5.4 17.72 1 1.02743e-08
5.415 5.41 17.73 2 2.05485e-08
5.425 5.42 17.74 2 2.05485e-08
5.435 5.43 17.75 1 1.02743e-08
5.445 5.44 17.76 3 3.08228e-08
5.455 5.45 17.77 0 0
5.465 5.46 17.78 1 1.02743e-08
5.475 5.47 17.79 2 2.05485e-08
5.485 5.48 17.8 2 2.05485e-08
5.495 5.49 17.81 2 2.05485e-08
5.505 5.5 17.82 1 1.02743e-08
5.515 5.51 17.83 0 0
5.525 5.52 17.84 4 4.10971e-08
5.535 5.53 17.85 0 0
5.545 5.54 17.86 1 1.02743e-08
5.555 5.55 17.87 1 1.02743e-08
5.565 5.56 17.88 0 0
5.575 5.57 17.89 0 0
5.585 5.58 17.9 2 2.05485e-08
5.595 5.59 17.91 1 1.02743e-08
5.605 5.6 17.92 1 1.02743e-08
5.615 5.61 17.93 1 1.02743e-08
5.625 5.62 17.94 1 1.02743e-08
5.635 5.63 17.95 0 0
5.645 5.64 17.96 0 0
5.655 5.65 17.97 2 2.05485e-08
5.665 5.66 17.98 2 2.05485e-08
5.675 5.67 17.99 0 0
5.685 5.68 18 1 1.02743e-08
5.695 5.69 18.01 0 0
5.705 5.7 18.02 0 0
5.715 5.71 18.03 1 1.02743e-08
5.725 5.72 18.04 0 0
5.735 5.73 18.05 0 0
5.745 5.74 18.06 0 0
5.755 5.75 18.07 0 0
5.765 5.76 18.08 0 0
5.775 5.77 18.09 0 0
5.785 5.78 18.1 1 1.02743e-08
5.795 5.79 18.11 0 0
5.805 5.8 18.12 0 0
5.815 5.81 18.13 0 0
5.825 5.82 18.14 1 1.02743e-08
5.835 5.83 18.15 0 0
5.845 5.84 18.16 0 0
5.855 5.85 18.17 1 1.02743e-08
5.865 5.86 18.18 0 0
5.875 5.87 18.19 0 0
5.885 5.88 18.2 0 0
5.895 5.89 18.21 0 0
5.905 5.9 18.22 0 0
5.915 5.91 18.23 0 0
5.925 5.92 18.24 0 0
5.935 5.93 18.25 1 1.02743e-08
5.945 5.94 18.26 0 0
5.955 5.95 18.27 1 1.02743e-08
5.965 5.96 18.28 1 1.02743e-08
5.975 5.97 18.29 0 0
5.985 5.98 18.3 0 0
5.995 5.99 18.31 0 0
6.005 6 18.32 1 1.02743e-08
6.015 6.01 18.33 0 0
6.025 6.02 18.34 1 1.02743e-08
6.035 6.03 18.35 0 0
6.045 6.04 18.36 0 0
6.055 6.05 18.37 1 1.02743e-08
6.065 6.06 18.38 1 1.02743e-08
6.075 6.07 18.39 1 1.02743e-08
6.085 6.08 18.4 0 0
6.095 6.09 18.41 1 1.02743e-08
6.105 6.1 18.42 0 0
6.115 6.11 18.43 0 0
6.125 6.12 18.44 2 2.05485e-08
6.135 6.13 18.45 0 0
6.145 6.14 18.46 0 0
6.155 6.15 18.47 0 0
6.165 6.16 18.48 0 0
6.175 6.17 18.49 0 0
6.185 6.18 18.5 0 0
6.195 6.19 18.51 0 0
6.205 6.2 18.52 0 0
6.215 6.21 18.53 0 0
6.225 6.22 18.54 1 1.02743e-08
6.235 6.23 18.55 1 1.02743e-08
6.245 6.24 18.56 0 0
6.255 6.25 18.57 1 1.02743e-08
6.265 6.26 18.58 0 0
6.275 6.27 18.59 0 0
6.285 6.28 18.6 1 1.02743e-08
6.295 6.29 18.61 0 0
6.305 6.3 18.62 1 1.02743e-08
6.315 6.31 18.63 0 0
6.325 6.32 18.64 1 1.02743e-08
6.335 6.33 18.65 0 0
6.345 6.34 18.66 0 0
6.355 6.35 18.67 0 0
6.365 6.36 18.68 0 0
6.375 6.37 18.69 2 2.05485e-08
6.385 6.38 18.7 0 0
6.395 6.39 18.71 0 0
6.405 6.4 18.72 1 1.02743e-08
6.415 6.41 18.73 1 1.02743e-08
6.425 6.42 18.74 1 1.02743e-08
6.435 6.43 18.75 1 1.02743e-08
6.445 6.44 18.76 0 0
6.455 6.45 18.77 0 0
6.465 6.46 18.78 0 0
6.475 6.47 18.79 0 0
6.485 6.48 18.8 0 0
6.495 6.49 18.81 0 0
6.505 6.5 18.82 0 0
6.515 6.51 18.83 0 0
6.525 6.52 18.84 0 0
6.535 6.53 18.85 0 0
6.545 6.54 18.86 1 1.02743e-08
6.555 6.55 18.87 0 0
6.565 6.56 18.88 1 1.02743e-08
6.575 6.57 18.89 2 2.05485e-08
6.585 6.58 18.9 0 0
6.595 6.59 18.91 1 1.02743e-08
6.605 6.6 18.92 0 0
6.615 6.61 18.93 0 0
6.625 6.62 18.94 0 0
6.635 6.63 18.95 0 0
6.645 6.64 18.96 0 0
6.655 6.65 18.97 1 1.02743e-08
6.665 6.66 18.98 0 0
6.675 6.67 18.99 0 0
6.685 6.68 19 0 0
6.695 6.69 19.01 0 0
6.705 6.7 19.02 0 0
6.715 6.71 19.03 0 0
6.725 6.72 19.04 0 0
6.735 6.73 19.05 0 0
6.745 6.74 19.06 1 1.02743e-08
6.755 6.75 19.07 0 0
6.765 6.76 19.08 0 0
6.775 6.77 19.09 1 1.02743e-08
6.785 6.78 19.1 0 0
6.795 6.79 19.11 0 0
6.805 6.8 19.12 0 0
6.815 6.81 19.13 0 0
6.825 6.82 19.14 0 0
6.835 6.83 19.15 0 0
6.845 6.84 19.16 0 0
6.855 6.85 19.17 2 2.05485e-08
6.865 6.86 19.18 0 0
6.875 6.87 19.19 0 0
6.885 6.88 19.2 0 0
6.895 6.89 19.21 0 0
6.905 6.9 19.22 0 0
6.915 6.91 19.23 0 0
6.925 6.92 19.24 0 0
6.935 6.93 19.25 0 0
6.945 6.94 19.26 0 0
6.955 6.95 19.27 0 0
6.965 6.96 19.28 0 0
6.975 6.97 19.29 2 2.05485e-08
6.985 6.98 19.3 0 0
6.995 6.99 19.31 0 0
7.005 7 19.32 0 0
7.015 7.01 19.33 2 2.05485e-08
7.025 7.02 19.34 0 0
7.035 7.03 19.35 0 0
7.045 7.04 19.36 0 0
7.055 7.05 19.37 0 0
7.065 7.06 19.38 0 0
7.075 7.07 19.39 2 2.05485e-08
7.085 7.08 19.4 0 0
7.095 7.09 19.41 0 0
7.105 7.1 19.42 0 0
7.115 7.11 19.43 0 0
7.125 7.12 19.44 0 0
7.135 7.13 19.45 0 0
7.145 7.14 19.46 1 1.02743e-08
7.155 7.15 19.47 0 0
7.165 7.16 19.48 0 0
7.175 7.17 19.49 1 1.02743e-08
7.185 7.18 19.5 0 0
7.195 7.19 19.51 0 0
7.205 7.2 19.52 0 0
7.215 7.21 19.53 0 0
7.225 7.22 19.54 0 0
7.235 7.23 19.55 0 0
7.245 7.24 19.56 0 0
7.255 7.25 19.57 0 0
7.265 7.26 19.58 0 0
7.275 7.27 19.59 2 2.05485e-08
7.285 7.28 19.6 0 0
7.295 7.29 19.61 0 0
7.305 7.3 19.62 1 1.02743e-08
7.315 7.31 19.63 0 0
7.325 7.32 19.64 1 1.02743e-08
7.335 7.33 19.65 0 0
7.345 7.34 19.66 1 1.02743e-08
7.355 7.35 19.67 1 1.02743e-08
7.365 7.36 19.68 0 0
7.375 7.37 19.69 0 0
7.385 7.38 19.7 0 0
7.395 7.39 19.71 0 0
7.405 7.4 19.72 0 0
7.415 7.41 19.73 0 0
7.425 7.42 19.74 0 0
7.435 7.43 19.75 0 0
7.445 7.44 19.76 1 1.02743e-08
7.455 7.45 19.77 1 1.02743e-08
7.465 7.46 19.78 0 0
7.475 7.47 19.79 1 1.02743e-08
7.485 7.48 19.8 0 0
7.495 7.49 19.81 1 1.02743e-08
7.505 7.5 19.82 0 0
7.515 7.51 19.83 0 0
7.525 7.52 19.84 0 0
7.535 7.53 19.85 1 1.02743e-08
7.545 7.54 19.86 0 0
7.555 7.55 19.87 0 0
7.565 7.56 19.88 0 0
7.575 7.57 19.89 2 2.05485e-08
7.585 7.58 19.9 0 0
7.595 7.59 19.91 0 0
7.605 7.6 19.92 1 1.02743e-08
7.615 7.61 19.93 1 1.02743e-08
7.625 7.62 19.94 0 0
7.635 7.63 19.95 0 0
7.645 7.64 19.96 0 0
7.655 7.65 19.97 0 0
7.665 7.66 19.98 0 0
7.675 7.67 19.99 0 0
7.685 7.68 20 1 1.02743e-08
7.695 7.69 20.01 0 0
7.705 7.7 20.02 0 0
7.715 7.71 20.03 0 0
7.725 7.72 20.04 0 0
7.735 7.73 20.05 1 1.02743e-08
7.745 7.74 20.06 0 0
7.755 7.75 20.07 0 0
7.765 7.76 20.08 0 0
7.775 7.77 20.09 0 0
7.785 7.78 20.1 0 0
7.795 7.79 20.11 0 0
7.805 7.8 20.12 0 0
7.815 7.81 20.13 0 0
7.825 7.82 20.14 0 0
7.835 7.83 20.15 0 0
7.845 7.84 20.16 0 0
7.855 7.85 20.17 0 0
7.865 7.86 20.18 1 1.02743e-08
7.875 7.87 20.19 0 0
7.885 7.88 20.2 1 1.02743e-08
7.895 7.89 20.21 1 1.02743e-08
7.905 7.9 20.22 0 0
7.915 7.91 20.23 0 0
7.925 7.92 20.24 1 1.02743e-08
7.935 7.93 20.25 0 0
7.945 7.94 20.26 1 1.02743e-08
7.955 7.95 20.27 1 1.02743e-08
7.965 7.96 20.28 0 0
7.975 7.97 20.29 0 0
7.985 7.98 20.3 0 0
7.995 7.99 20.31 0 0
8.005 8 20.32 1 1.02743e-08
8.015 8.01 20.33 1 1.02743e-08
8.025 8.02 20.34 0 0
8.035 8.03 20.35 0 0
8.045 8.04 20.36 0 0
8.055 8.05 20.37 0 0
8.065 8.06 20.38 0 0
8.075 8.07 20.39 0 0
8.085 8.08 20.4 1 1.02743e-08
8.095 8.09 20.41 1 1.02743e-08
8.105 8.1 20.42 2 2.05485e-08
8.115 8.11 20.43 0 0
8.125 8.12 20.44 0 0
8.135 8.13 20.45 0 0
8.145 8.14 20.46 0 0
8.155 8.15 20.47 0 0
8.165 8.16 20.48 0 0
8.175 8.17 20.49 0 0
8.185 8.18 20.5 0 0
8.195 8.19 20.51 0 0
8.205 8.2 20.52 0 0
8.215 8.21 20.53 0 0
8.225 8.22 20.54 0 0
8.235 8.23 20.55 0 0
8.245 8.24 20.56 0 0
8.255 8.25 20.57 0 0
8.265 8.26 20.58 0 0
8.275 8.27 20.59 0 0
8.285 8.28 20.6 0 0
8.295 8.29 20.61 0 0
8.305 8.3 20.62 1 1.02743e-08
8.315 8.31 20.63 0 0
8.325 8.32 20.64 0 0
8.335 8.33 20.65 0 0
8.345 8.34 20.66 0 0
8.355 8.35 20.67 1 1.02743e-08
8.365 8.36 20.68 0 0
8.375 8.37 20.69 0 0
8.385 8.38 20.7 1 1.02743e-08
8.395 8.39 20.71 0 0
8.405 8.4 20.72 0 0
8.415 8.41 20.73 0 0
8.425 8.42 20.74 0 0
8.435 8.43 20.75 1 1.02743e-08
8.445 8.44 20.76 0 0
8.455 8.45 20.77 0 0
8.465 8.46 20.78 0 0
8.475 8.47 20.79 1 1.02743e-08
8.485 8.48 20.8 0 0
8.495 8.49 20.81 0 0
8.505 8.5 20.82 0 0
8.515 8.51 20.83 0 0
8.525 8.52 20.84 0 0
8.535 8.53 20.85 0 0
8.545 8.54 20.86 0 0
8.555 8.55 20.87 0 0
8.565 8.56 20.88 0 0
8.575 8.57 20.89 1 1.02743e-08
8.585 8.58 20.9 0 0
8.595 8.59 20.91 0 0
8.605 8.6 20.92 0 0
8.615 8.61 20.93 0 0
8.625 8.62 20.94 0 0
8.635 8.63 20.95 0 0
8.645 8.64 20.96 0 0
8.655 8.65 20.97 0 0
8.665 8.66 20.98 0 0
8.675 8.67 20.99 0 0
8.685 8.68 21 0 0
8.695 8.69 21.01 0 0
8.705 8.7 21.02 0 0
8.715 8.71 21.03 0 0
8.725 8.72 21.04 1 1.02743e-08
8.735 8.73 21.05 0 0
8.745 8.74 21.06 0 0
8.755 8.75 21.07 0 0
8.765 8.76 21.08 0 0
8.775 8.77 21.09 0 0
8.785 8.78 21.1 0 0
8.795 8.79 21.11 0 0
8.805 8.8 21.12 0 0
8.815 8.81 21.13 0 0
8.825 8.82 21.14 0 0
8.835 8.83 21.15 0 0
8.845 8.84 21.16 1 1.02743e-08
8.855 8.85 21.17 0 0
8.865 8.86 21.18 0 0
8.875 8.87 21.19 0 0
8.885 8.88 21.2 0 0
8.895 8.89 21.21 0 0
8.905 8.9 21.22 0 0
8.915 8.91 21.23 0 0
8.925 8.92 21.24 0 0
8.935 8.93 21.25 0 0
8.945 8.94 21.26 0 0
8.955 8.95 21.27 0 0
8.965 8.96 21.28 0 0
8.975 8.97 21.29 0 0
8.985 8.98 21.3 0 0
8.995 8.99 21.31 0 0
9.005 9 21.32 0 0
9.015 9.01 21.33 0 0
9.025 9.02 21.34 0 0
9.035 9.03 21.35 0 0
9.045 9.04 21.36 0 0
9.055 9.05 21.37 0 0
9.065 9.06 21.38 1 1.02743e-08
9.075 9.07 21.39 0 0
9.085 9.08 21.4 0 0
9.095 9.09 21.41 0 0
9.105 9.1 21.42 0 0
9.115 9.11 21.43 0 0
9.125 9.12 21.44 0 0
9.135 9.13 21.45 0 0
9.145 9.14 21.46 0 0
9.155 9.15 21.47 0 0
9.165 9.16 21.48 0 0
9.175 9.17 21.49 0 0
9.185 9.18 21.5 0 0
9.195 9.19 21.51 0 0
9.205 9.2 21.52 0 0
9.215 9.21 21.53 0 0
9.225 9.22 21.54 0 0
9.235 9.23 21.55 0 0
9.245 9.24 21.56 0 0
9.255 9.25 21.57 0 0
9.265 9.26 21.58 0 0
9.275 9.27 21.59 0 0
9.285 9.28 21.6 0 0
9.295 9.29 21.61 0 0
9.305 9.3 21.62 1 1.02743e-08
9.315 9.31 21.63 0 0
9.325 9.32 21.64 1 1.02743e-08
9.335 9.33 21.65 0 0
9.345 9.34 21.66 0 0
9.355 9.35 21.67 0 0
9.365 9.36 21.68 0 0
9.375 9.37 21.69 0 0
9.385 9.38 21.7 0 0
9.395 9.39 21.71 0 0
9.405 9.4 21.72 0 0
9.415 9.41 21.73 0 0
9.425 9.42 21.74 0 0
9.435 9.43 21.75 0 0
9.445 9.44 21.76 0 0
9.455 9.45 21.77 0 0
9.465 9.46 21.78 1 1.02743e-08
9.475 9.47 21.79 0 0
9.485 9.48 21.8 0 0
9.495 9.49 21.81 0 0
9.505 9.5 21.82 0 0
9.515 9.51 21.83 0 0
9.525 9.52 21.84 0 0
9.535 9.53 21.85 0 0
9.545 9.54 21.86 0 0
9.555 9.55 21.87 0 0
9.565 9.56 21.88 0 0
9.575 9.57 21.89 0 0
9.585 9.58 21.9 0 0
9.595 9.59 21.91 0 0
9.605 9.6 21.92 0 0
9.615 9.61 21.93 0 0
9.625 9.62 21.94 0 0
9.635 9.63 21.95 0 0
9.645 9.64 21.96 0 0
9.655 9.65 21.97 0 0
9.665 9.66 21.98 0 0
9.675 9.67 21.99 0 0
9.685 9.68 22 0 0
9.695 9.69 22.01 0 0
9.705 9.7 22.02 0 0
9.715 9.71 22.03 0 0
9.725 9.72 22.04 0 0
9.735 9.73 22.05 0 0
9.745 9.74 22.06 0 0
9.755 9.75 22.07 1 1.02743e-08
9.765 9.76 22.08 0 0
9.775 9.77 22.09 0 0
9.785 9.78 22.1 0 0
9.795 9.79 22.11 0 0
9.805 9.8 22.12 1 1.02743e-08
9.815 9.81 22.13 0 0
9.825 9.82 22.14 0 0
9.835 9.83 22.15 0 0
9.845 9.84 22.16 0 0
9.855 9.85 22.17 0 0
9.865 9.86 22.18 0 0
9.875 9.87 22.19 0 0
9.885 9.88 22.2 0 0
9.895 9.89 22.21 0 0
9.905 9.9 22.22 0 0
9.915 9.91 22.23 0 0
9.925 9.92 22.24 0 0
9.935 9.93 22.25 0 0
9.945 9.94 22.26 0 0
9.955 9.95 22.27 0 0
9.965 9.96 22.28 0 0
9.975 9.97 22.29 0 0
9.985 9.98 22.3 0 0
9.995 9.99 22.31 0 0
10.005 10 22.32 0 0
10.015 10.01 22.33 0 0
10.025 10.02 22.34 0 0
10.035 10.03 22.35 0 0
10.045 10.04 22.36 0 0
10.055 10.05 22.37 0 0
10.065 10.06 22.38 0 0
10.075 10.07 22.39 0 0
10.085 10.08 22.4 0 0
10.095 10.09 22.41 0 0
10.105 10.1 22.42 0 0
10.115 10.11 22.43 0 0
10.125 10.12 22.44 1 1.02743e-08
10.135 10.13 22.45 0 0
10.145 10.14 22.46 0 0
10.155 10.15 22.47 0 0
10.165 10.16 22.48 0 0
10.175 10.17 22.49 0 0
10.185 10.18 22.5 0 0
10.195 10.19 22.51 0 0
10.205 10.2 22.52 0 0
10.215 10.21 22.53 0 0
10.225 10.22 22.54 0 0
10.235 10.23 22.55 0 0
10.245 10.24 22.56 0 0
10.255 10.25 22.57 0 0
10.265 10.26 22.58 0 0
10.275 10.27 22.59 0 0
10.285 10.28 22.6 0 0
10.295 10.29 22.61 0 0
10.305 10.3 22.62 0 0
10.315 10.31 22.63 0 0
10.325 10.32 22.64 0 0
10.335 10.33 22.65 0 0
10.345 10.34 22.66 0 0
10.355 10.35 22.67 0 0
10.365 10.36 22.68 0 0
10.375 10.37 22.69 0 0
10.385 10.38 22.7 0 0
10.395 10.39 22.71 0 0
10.405 10.4 22.72 0 0
10.415 10.41 22.73 0 0
10.425 10.42 22.74 0 0
10.435 10.43 22.75 0 0
10.445 10.44 22.76 0 0
10.455 10.45 22.77 0 0
10.465 10.46 22.78 0 0
10.475 10.47 22.79 0 0
10.485 10.48 22.8 0 0
10.495 10.49 22.81 0 0
10.505 10.5 22.82 0 0
10.515 10.51 22.83 0 0
10.525 10.52 22.84 0 0
10.535 10.53 22.85 0 0
10.545 10.54 22.86 0 0
10.555 10.55 22.87 1 1.02743e-08
10.565 10.56 22.88 0 0
10.575 10.57 22.89 0 0
10.585 10.58 22.9 0 0
10.595 10.59 22.91 0 0
10.605 10.6 22.92 0 0
10.615 10.61 22.93 0 0
10.625 10.62 22.94 0 0
10.635 10.63 22.95 0 0
10.645 10.64 22.96 0 0
10.655 10.65 22.97 0 0
10.665 10.66 22.98 0 0
10.675 10.67 22.99 0 0
10.685 10.68 23 0 0
10.695 10.69 23.01 0 0
10.705 10.7 23.02 0 0
10.715 10.71 23.03 0 0
10.725 10.72 23.04 1 1.02743e-08
10.735 10.73 23.05 0 0
10.745 10.74 23.06 0 0
