Midpoint LowerLim UpperLim Count ProbabilityDensity
-9.875 -9.88 0.01 0 0
-9.865 -9.87 0.02 1 4.10382e-08
-9.855 -9.86 0.03 0 0
-9.845 -9.85 0.04 0 0
-9.835 -9.84 0.05 0 0
-9.825 -9.83 0.06 0 0
-9.815 -9.82 0.07 0 0
-9.805 -9.81 0.08 0 0
-9.795 -9.8 0.09 0 0
-9.785 -9.79 0.1 0 0
-9.775 -9.78 0.11 0 0
-9.765 -9.77 0.12 0 0
-9.755 -9.76 0.13 0 0
-9.745 -9.75 0.14 0 0
-9.735 -9.74 0.15 0 0
-9.725 -9.73 0.16 0 0
-9.715 -9.72 0.17 0 0
-9.705 -9.71 0.18 0 0
-9.695 -9.7 0.19 0 0
-9.685 -9.69 0.2 0 0
-9.675 -9.68 0.21 0 0
-9.665 -9.67 0.22 0 0
-9.655 -9.66 0.23 0 0
-9.645 -9.65 0.24 0 0
-9.635 -9.64 0.25 0 0
-9.625 -9.63 0.26 0 0
-9.615 -9.62 0.27 0 0
-9.605 -9.61 0.28 0 0
-9.595 -9.6 0.29 0 0
-9.585 -9.59 0.3 0 0
-9.575 -9.58 0.31 0 0
-9.565 -9.57 0.32 0 0
-9.555 -9.56 0.33 0 0
-9.545 -9.55 0.34 0 0
-9.535 -9.54 0.35 0 0
-9.525 -9.53 0.36 0 0
-9.515 -9.52 0.37 0 0
-9.505 -9.51 0.38 0 0
-9.495 -9.5 0.39 0 0
-9.485 -9.49 0.4 0 0
-9.475 -9.48 0.41 0 0
-9.465 -9.47 0.42 0 0
-9.455 -9.46 0.43 0 0
-9.445 -9.45 0.44 0 0
-9.435 -9.44 0.45 0 0
-9.425 -9.43 0.46 0 0
-9.415 -9.42 0.47 0 0
-9.405 -9.41 0.48 0 0
-9.395 -9.4 0.49 0 0
-9.385 -9.39 0.5 0 0
-9.375 -9.38 0.51 0 0
-9.365 -9.37 0.52 0 0
-9.355 -9.36 0.53 0 0
-9.345 -9.35 0.54 0 0
-9.335 -9.34 0.55 0 0
-9.325 -9.33 0.56 1 4.10382e-08
-9.315 -9.32 0.57 0 0
-9.305 -9.31 0.58 0 0
-9.295 -9.3 0.59 0 0
-9.285 -9.29 0.6 0 0
-9.275 -9.28 0.61 0 0
-9.265 -9.27 0.62 0 0
-9.255 -9.26 0.63 0 0
-9.245 -9.25 0.64 0 0
-9.235 -9.24 0.65 0 0
-9.225 -9.23 0.66 0 0
-9.215 -9.22 0.67 0 0
-9.205 -9.21 0.68 0 0
-9.195 -9.2 0.69 0 0
-9.185 -9.19 0.7 0 0
-9.175 -9.18 0.71 0 0
-9.165 -9.17 0.72 0 0
-9.155 -9.16 0.73 0 0
-9.145 -9.15 0.74 0 0
-9.135 -9.14 0.75 0 0
-9.125 -9.13 0.76 0 0
-9.115 -9.12 0.77 0 0
-9.105 -9.11 0.78 0 0
-9.095 -9.1 0.79 0 0
-9.085 -9.09 0.8 0 0
-9.075 -9.08 0.81 0 0
-9.065 -9.07 0.82 0 0
-9.055 -9.06 0.83 0 0
-9.045 -9.05 0.84 0 0
-9.035 -9.04 0.85 0 0
-9.025 -9.03 0.86 0 0
-9.015 -9.02 0.87 0 0
-9.005 -9.01 0.88 0 0
-8.995 -9 0.89 0 0
-8.985 -8.99 0.9 0 0
-8.975 -8.98 0.91 0 0
-8.965 -8.97 0.92 0 0
-8.955 -8.96 0.93 0 0
-8.945 -8.95 0.94 0 0
-8.935 -8.94 0.95 0 0
-8.925 -8.93 0.96 0 0
-8.915 -8.92 0.97 0 0
-8.905 -8.91 0.98 0 0
-8.895 -8.9 0.99 0 0
-8.885 -8.89 1 0 0
-8.875 -8.88 1.01 0 0
-8.865 -8.87 1.02 0 0
-8.855 -8.86 1.03 0 0
-8.845 -8.85 1.04 0 0
-8.835 -8.84 1.05 0 0
-8.825 -8.83 1.06 0 0
-8.815 -8.82 1.07 0 0
-8.805 -8.81 1.08 0 0
-8.795 -8.8 1.09 0 0
-8.785 -8.79 1.1 0 0
-8.775 -8.78 1.11 0 0
-8.765 -8.77 1.12 0 0
-8.755 -8.76 1.13 0 0
-8.745 -8.75 1.14 1 4.10382e-08
-8.735 -8.74 1.15 0 0
-8.725 -8.73 1.16 0 0
-8.715 -8.72 1.17 0 0
-8.705 -8.71 1.18 0 0
-8.695 -8.7 1.19 0 0
-8.685 -8.69 1.2 0 0
-8.675 -8.68 1.21 0 0
-8.665 -8.67 1.22 0 0
-8.655 -8.66 1.23 0 0
-8.645 -8.65 1.24 1 4.10382e-08
-8.635 -8.64 1.25 0 0
-8.625 -8.63 1.26 0 0
-8.615 -8.62 1.27 0 0
-8.605 -8.61 1.28 0 0
-8.595 -8.6 1.29 0 0
-8.585 -8.59 1.3 0 0
-8.575 -8.58 1.31 0 0
-8.565 -8.57 1.32 0 0
-8.555 -8.56 1.33 0 0
-8.545 -8.55 1.34 0 0
-8.535 -8.54 1.35 0 0
-8.525 -8.53 1.36 0 0
-8.515 -8.52 1.37 0 0
-8.505 -8.51 1.38 0 0
-8.495 -8.5 1.39 0 0
-8.485 -8.49 1.4 0 0
-8.475 -8.48 1.41 0 0
-8.465 -8.47 1.42 0 0
-8.455 -8.46 1.43 0 0
-8.445 -8.45 1.44 0 0
-8.435 -8.44 1.45 0 0
-8.425 -8.43 1.46 0 0
-8.415 -8.42 1.47 0 0
-8.405 -8.41 1.48 0 0
-8.395 -8.4 1.49 0 0
-8.385 -8.39 1.5 0 0
-8.375 -8.38 1.51 0 0
-8.365 -8.37 1.52 0 0
-8.355 -8.36 1.53 0 0
-8.345 -8.35 1.54 0 0
-8.335 -8.34 1.55 0 0
-8.325 -8.33 1.56 0 0
-8.315 -8.32 1.57 0 0
-8.305 -8.31 1.58 0 0
-8.295 -8.3 1.59 0 0
-8.285 -8.29 1.6 0 0
-8.275 -8.28 1.61 0 0
-8.265 -8.27 1.62 0 0
-8.255 -8.26 1.63 0 0
-8.245 -8.25 1.64 0 0
-8.235 -8.24 1.65 0 0
-8.225 -8.23 1.66 0 0
-8.215 -8.22 1.67 0 0
-8.205 -8.21 1.68 0 0
-8.195 -8.2 1.69 0 0
-8.185 -8.19 1.7 0 0
-8.175 -8.18 1.71 0 0
-8.165 -8.17 1.72 0 0
-8.155 -8.16 1.73 0 0
-8.145 -8.15 1.74 0 0
-8.135 -8.14 1.75 0 0
-8.125 -8.13 1.76 0 0
-8.115 -8.12 1.77 0 0
-8.105 -8.11 1.78 0 0
-8.095 -8.1 1.79 0 0
-8.085 -8.09 1.8 0 0
-8.075 -8.08 1.81 0 0
-8.065 -8.07 1.82 0 0
-8.055 -8.06 1.83 0 0
-8.045 -8.05 1.84 0 0
-8.035 -8.04 1.85 0 0
-8.025 -8.03 1.86 0 0
-8.015 -8.02 1.87 0 0
-8.005 -8.01 1.88 0 0
-7.995 -8 1.89 0 0
-7.985 -7.99 1.9 0 0
-7.975 -7.98 1.91 0 0
-7.965 -7.97 1.92 0 0
-7.955 -7.96 1.93 0 0
-7.945 -7.95 1.94 0 0
-7.935 -7.94 1.95 0 0
-7.925 -7.93 1.96 0 0
-7.915 -7.92 1.97 0 0
-7.905 -7.91 1.98 0 0
-7.895 -7.9 1.99 0 0
-7.885 -7.89 2 0 0
-7.875 -7.88 2.01 0 0
-7.865 -7.87 2.02 0 0
-7.855 -7.86 2.03 0 0
-7.845 -7.85 2.04 0 0
-7.835 -7.84 2.05 0 0
-7.825 -7.83 2.06 0 0
-7.815 -7.82 2.07 0 0
-7.805 -7.81 2.08 0 0
-7.795 -7.8 2.09 0 0
-7.785 -7.79 2.1 1 4.10382e-08
-7.775 -7.78 2.11 0 0
-7.765 -7.77 2.12 0 0
-7.755 -7.76 2.13 0 0
-7.745 -7.75 2.14 0 0
-7.735 -7.74 2.15 0 0
-7.725 -7.73 2.16 0 0
-7.715 -7.72 2.17 0 0
-7.705 -7.71 2.18 0 0
-7.695 -7.7 2.19 0 0
-7.685 -7.69 2.2 0 0
-7.675 -7.68 2.21 0 0
-7.665 -7.67 2.22 0 0
-7.655 -7.66 2.23 0 0
-7.645 -7.65 2.24 0 0
-7.635 -7.64 2.25 0 0
-7.625 -7.63 2.26 0 0
-7.615 -7.62 2.27 0 0
-7.605 -7.61 2.28 0 0
-7.595 -7.6 2.29 0 0
-7.585 -7.59 2.3 0 0
-7.575 -7.58 2.31 0 0
-7.565 -7.57 2.32 0 0
-7.555 -7.56 2.33 0 0
-7.545 -7.55 2.34 0 0
-7.535 -7.54 2.35 0 0
-7.525 -7.53 2.36 0 0
-7.515 -7.52 2.37 0 0
-7.505 -7.51 2.38 0 0
-7.495 -7.5 2.39 0 0
-7.485 -7.49 2.4 0 0
-7.475 -7.48 2.41 0 0
-7.465 -7.47 2.42 0 0
-7.455 -7.46 2.43 0 0
-7.445 -7.45 2.44 0 0
-7.435 -7.44 2.45 0 0
-7.425 -7.43 2.46 0 0
-7.415 -7.42 2.47 1 4.10382e-08
-7.405 -7.41 2.48 0 0
-7.395 -7.4 2.49 0 0
-7.385 -7.39 2.5 0 0
-7.375 -7.38 2.51 0 0
-7.365 -7.37 2.52 0 0
-7.355 -7.36 2.53 1 4.10382e-08
-7.345 -7.35 2.54 0 0
-7.335 -7.34 2.55 0 0
-7.325 -7.33 2.56 0 0
-7.315 -7.32 2.57 0 0
-7.305 -7.31 2.58 0 0
-7.295 -7.3 2.59 0 0
-7.285 -7.29 2.6 0 0
-7.275 -7.28 2.61 0 0
-7.265 -7.27 2.62 0 0
-7.255 -7.26 2.63 0 0
-7.245 -7.25 2.64 0 0
-7.235 -7.24 2.65 0 0
-7.225 -7.23 2.66 0 0
-7.215 -7.22 2.67 0 0
-7.205 -7.21 2.68 0 0
-7.195 -7.2 2.69 0 0
-7.185 -7.19 2.7 0 0
-7.175 -7.18 2.71 0 0
-7.165 -7.17 2.72 0 0
-7.155 -7.16 2.73 0 0
-7.145 -7.15 2.74 0 0
-7.135 -7.14 2.75 0 0
-7.125 -7.13 2.76 0 0
-7.115 -7.12 2.77 0 0
-7.105 -7.11 2.78 0 0
-7.095 -7.1 2.79 0 0
-7.085 -7.09 2.8 0 0
-7.075 -7.08 2.81 0 0
-7.065 -7.07 2.82 0 0
-7.055 -7.06 2.83 0 0
-7.045 -7.05 2.84 0 0
-7.035 -7.04 2.85 0 0
-7.025 -7.03 2.86 0 0
-7.015 -7.02 2.87 0 0
-7.005 -7.01 2.88 0 0
-6.995 -7 2.89 0 0
-6.985 -6.99 2.9 0 0
-6.975 -6.98 2.91 0 0
-6.965 -6.97 2.92 0 0
-6.955 -6.96 2.93 0 0
-6.945 -6.95 2.94 1 4.10382e-08
-6.935 -6.94 2.95 0 0
-6.925 -6.93 2.96 0 0
-6.915 -6.92 2.97 0 0
-6.905 -6.91 2.98 0 0
-6.895 -6.9 2.99 0 0
-6.885 -6.89 3 0 0
-6.875 -6.88 3.01 0 0
-6.865 -6.87 3.02 0 0
-6.855 -6.86 3.03 0 0
-6.845 -6.85 3.04 1 4.10382e-08
-6.835 -6.84 3.05 0 0
-6.825 -6.83 3.06 0 0
-6.815 -6.82 3.07 0 0
-6.805 -6.81 3.08 0 0
-6.795 -6.8 3.09 0 0
-6.785 -6.79 3.1 0 0
-6.775 -6.78 3.11 0 0
-6.765 -6.77 3.12 0 0
-6.755 -6.76 3.13 0 0
-6.745 -6.75 3.14 0 0
-6.735 -6.74 3.15 0 0
-6.725 -6.73 3.16 0 0
-6.715 -6.72 3.17 0 0
-6.705 -6.71 3.18 0 0
-6.695 -6.7 3.19 0 0
-6.685 -6.69 3.2 0 0
-6.675 -6.68 3.21 0 0
-6.665 -6.67 3.22 0 0
-6.655 -6.66 3.23 0 0
-6.645 -6.65 3.24 0 0
-6.635 -6.64 3.25 0 0
-6.625 -6.63 3.26 0 0
-6.615 -6.62 3.27 0 0
-6.605 -6.61 3.28 0 0
-6.595 -6.6 3.29 0 0
-6.585 -6.59 3.3 0 0
-6.575 -6.58 3.31 0 0
-6.565 -6.57 3.32 0 0
-6.555 -6.56 3.33 0 0
-6.545 -6.55 3.34 0 0
-6.535 -6.54 3.35 0 0
-6.525 -6.53 3.36 0 0
-6.515 -6.52 3.37 0 0
-6.505 -6.51 3.38 0 0
-6.495 -6.5 3.39 0 0
-6.485 -6.49 3.4 0 0
-6.475 -6.48 3.41 0 0
-6.465 -6.47 3.42 0 0
-6.455 -6.46 3.43 0 0
-6.445 -6.45 3.44 0 0
-6.435 -6.44 3.45 0 0
-6.425 -6.43 3.46 0 0
-6.415 -6.42 3.47 0 0
-6.405 -6.41 3.48 0 0
-6.395 -6.4 3.49 0 0
-6.385 -6.39 3.5 0 0
-6.375 -6.38 3.51 0 0
-6.365 -6.37 3.52 0 0
-6.355 -6.36 3.53 0 0
-6.345 -6.35 3.54 0 0
-6.335 -6.34 3.55 0 0
-6.325 -6.33 3.56 0 0
-6.315 -6.32 3.57 0 0
-6.305 -6.31 3.58 0 0
-6.295 -6.3 3.59 0 0
-6.285 -6.29 3.6 0 0
-6.275 -6.28 3.61 0 0
-6.265 -6.27 3.62 0 0
-6.255 -6.26 3.63 0 0
-6.245 -6.25 3.64 0 0
-6.235 -6.24 3.65 0 0
-6.225 -6.23 3.66 0 0
-6.215 -6.22 3.67 0 0
-6.205 -6.21 3.68 0 0
-6.195 -6.2 3.69 0 0
-6.185 -6.19 3.7 0 0
-6.175 -6.18 3.71 1 4.10382e-08
-6.165 -6.17 3.72 0 0
-6.155 -6.16 3.73 0 0
-6.145 -6.15 3.74 0 0
-6.135 -6.14 3.75 1 4.10382e-08
-6.125 -6.13 3.76 0 0
-6.115 -6.12 3.77 0 0
-6.105 -6.11 3.78 0 0
-6.095 -6.1 3.79 0 0
-6.085 -6.09 3.8 0 0
-6.075 -6.08 3.81 0 0
-6.065 -6.07 3.82 0 0
-6.055 -6.06 3.83 0 0
-6.045 -6.05 3.84 0 0
-6.035 -6.04 3.85 0 0
-6.025 -6.03 3.86 0 0
-6.015 -6.02 3.87 1 4.10382e-08
-6.005 -6.01 3.88 0 0
-5.995 -6 3.89 0 0
-5.985 -5.99 3.9 0 0
-5.975 -5.98 3.91 0 0
-5.965 -5.97 3.92 0 0
-5.955 -5.96 3.93 0 0
-5.945 -5.95 3.94 0 0
-5.935 -5.94 3.95 0 0
-5.925 -5.93 3.96 0 0
-5.915 -5.92 3.97 0 0
-5.905 -5.91 3.98 0 0
-5.895 -5.9 3.99 0 0
-5.885 -5.89 4 0 0
-5.875 -5.88 4.01 0 0
-5.865 -5.87 4.02 0 0
-5.855 -5.86 4.03 0 0
-5.845 -5.85 4.04 0 0
-5.835 -5.84 4.05 0 0
-5.825 -5.83 4.06 0 0
-5.815 -5.82 4.07 0 0
-5.805 -5.81 4.08 0 0
-5.795 -5.8 4.09 0 0
-5.785 -5.79 4.1 0 0
-5.775 -5.78 4.11 0 0
-5.765 -5.77 4.12 0 0
-5.755 -5.76 4.13 0 0
-5.745 -5.75 4.14 0 0
-5.735 -5.74 4.15 0 0
-5.725 -5.73 4.16 0 0
-5.715 -5.72 4.17 0 0
-5.705 -5.71 4.18 0 0
-5.695 -5.7 4.19 0 0
-5.685 -5.69 4.2 0 0
-5.675 -5.68 4.21 0 0
-5.665 -5.67 4.22 0 0
-5.655 -5.66 4.23 0 0
-5.645 -5.65 4.24 0 0
-5.635 -5.64 4.25 0 0
-5.625 -5.63 4.26 0 0
-5.615 -5.62 4.27 0 0
-5.605 -5.61 4.28 0 0
-5.595 -5.6 4.29 1 4.10382e-08
-5.585 -5.59 4.3 0 0
-5.575 -5.58 4.31 0 0
-5.565 -5.57 4.32 0 0
-5.555 -5.56 4.33 0 0
-5.545 -5.55 4.34 0 0
-5.535 -5.54 4.35 0 0
-5.525 -5.53 4.36 0 0
-5.515 -5.52 4.37 1 4.10382e-08
-5.505 -5.51 4.38 0 0
-5.495 -5.5 4.39 0 0
-5.485 -5.49 4.4 0 0
-5.475 -5.48 4.41 0 0
-5.465 -5.47 4.42 0 0
-5.455 -5.46 4.43 0 0
-5.445 -5.45 4.44 0 0
-5.435 -5.44 4.45 0 0
-5.425 -5.43 4.46 0 0
-5.415 -5.42 4.47 0 0
-5.405 -5.41 4.48 0 0
-5.395 -5.4 4.49 0 0
-5.385 -5.39 4.5 0 0
-5.375 -5.38 4.51 0 0
-5.365 -5.37 4.52 0 0
-5.355 -5.36 4.53 0 0
-5.345 -5.35 4.54 0 0
-5.335 -5.34 4.55 0 0
-5.325 -5.33 4.56 0 0
-5.315 -5.32 4.57 0 0
-5.305 -5.31 4.58 0 0
-5.295 -5.3 4.59 0 0
-5.285 -5.29 4.6 0 0
-5.275 -5.28 4.61 0 0
-5.265 -5.27 4.62 0 0
-5.255 -5.26 4.63 1 4.10382e-08
-5.245 -5.25 4.64 0 0
-5.235 -5.24 4.65 0 0
-5.225 -5.23 4.66 0 0
-5.215 -5.22 4.67 0 0
-5.205 -5.21 4.68 0 0
-5.195 -5.2 4.69 1 4.10382e-08
-5.185 -5.19 4.7 0 0
-5.175 -5.18 4.71 0 0
-5.165 -5.17 4.72 0 0
-5.155 -5.16 4.73 0 0
-5.145 -5.15 4.74 0 0
-5.135 -5.14 4.75 0 0
-5.125 -5.13 4.76 0 0
-5.115 -5.12 4.77 0 0
-5.105 -5.11 4.78 0 0
-5.095 -5.1 4.79 1 4.10382e-08
-5.085 -5.09 4.8 1 4.10382e-08
-5.075 -5.08 4.81 0 0
-5.065 -5.07 4.82 0 0
-5.055 -5.06 4.83 0 0
-5.045 -5.05 4.84 0 0
-5.035 -5.04 4.85 0 0
-5.025 -5.03 4.86 0 0
-5.015 -5.02 4.87 0 0
-5.005 -5.01 4.88 0 0
-4.995 -5 4.89 0 0
-4.985 -4.99 4.9 0 0
-4.975 -4.98 4.91 0 0
-4.965 -4.97 4.92 0 0
-4.955 -4.96 4.93 0 0
-4.945 -4.95 4.94 0 0
-4.935 -4.94 4.95 0 0
-4.925 -4.93 4.96 0 0
-4.915 -4.92 4.97 0 0
-4.905 -4.91 4.98 0 0
-4.895 -4.9 4.99 0 0
-4.885 -4.89 5 0 0
-4.875 -4.88 5.01 0 0
-4.865 -4.87 5.02 0 0
-4.855 -4.86 5.03 0 0
-4.845 -4.85 5.04 0 0
-4.835 -4.84 5.05 0 0
-4.825 -4.83 5.06 1 4.10382e-08
-4.815 -4.82 5.07 0 0
-4.805 -4.81 5.08 0 0
-4.795 -4.8 5.09 0 0
-4.785 -4.79 5.1 0 0
-4.775 -4.78 5.11 2 8.20764e-08
-4.765 -4.77 5.12 0 0
-4.755 -4.76 5.13 0 0
-4.745 -4.75 5.14 2 8.20764e-08
-4.735 -4.74 5.15 0 0
-4.725 -4.73 5.16 0 0
-4.715 -4.72 5.17 0 0
-4.705 -4.71 5.18 0 0
-4.695 -4.7 5.19 0 0
-4.685 -4.69 5.2 0 0
-4.675 -4.68 5.21 0 0
-4.665 -4.67 5.22 0 0
-4.655 -4.66 5.23 0 0
-4.645 -4.65 5.24 0 0
-4.635 -4.64 5.25 0 0
-4.625 -4.63 5.26 0 0
-4.615 -4.62 5.27 0 0
-4.605 -4.61 5.28 0 0
-4.595 -4.6 5.29 0 0
-4.585 -4.59 5.3 0 0
-4.575 -4.58 5.31 0 0
-4.565 -4.57 5.32 0 0
-4.555 -4.56 5.33 0 0
-4.545 -4.55 5.34 0 0
-4.535 -4.54 5.35 1 4.10382e-08
-4.525 -4.53 5.36 1 4.10382e-08
-4.515 -4.52 5.37 0 0
-4.505 -4.51 5.38 0 0
-4.495 -4.5 5.39 0 0
-4.485 -4.49 5.4 0 0
-4.475 -4.48 5.41 0 0
-4.465 -4.47 5.42 1 4.10382e-08
-4.455 -4.46 5.43 0 0
-4.445 -4.45 5.44 1 4.10382e-08
-4.435 -4.44 5.45 0 0
-4.425 -4.43 5.46 0 0
-4.415 -4.42 5.47 1 4.10382e-08
-4.405 -4.41 5.48 0 0
-4.395 -4.4 5.49 1 4.10382e-08
-4.385 -4.39 5.5 0 0
-4.375 -4.38 5.51 0 0
-4.365 -4.37 5.52 0 0
-4.355 -4.36 5.53 0 0
-4.345 -4.35 5.54 0 0
-4.335 -4.34 5.55 1 4.10382e-08
-4.325 -4.33 5.56 0 0
-4.315 -4.32 5.57 0 0
-4.305 -4.31 5.58 2 8.20764e-08
-4.295 -4.3 5.59 3 1.23115e-07
-4.285 -4.29 5.6 0 0
-4.275 -4.28 5.61 0 0
-4.265 -4.27 5.62 0 0
-4.255 -4.26 5.63 0 0
-4.245 -4.25 5.64 0 0
-4.235 -4.24 5.65 0 0
-4.225 -4.23 5.66 0 0
-4.215 -4.22 5.67 0 0
-4.205 -4.21 5.68 0 0
-4.195 -4.2 5.69 0 0
-4.185 -4.19 5.7 1 4.10382e-08
-4.175 -4.18 5.71 0 0
-4.165 -4.17 5.72 1 4.10382e-08
-4.155 -4.16 5.73 0 0
-4.145 -4.15 5.74 1 4.10382e-08
-4.135 -4.14 5.75 2 8.20764e-08
-4.125 -4.13 5.76 0 0
-4.115 -4.12 5.77 1 4.10382e-08
-4.105 -4.11 5.78 1 4.10382e-08
-4.095 -4.1 5.79 0 0
-4.085 -4.09 5.8 1 4.10382e-08
-4.075 -4.08 5.81 1 4.10382e-08
-4.065 -4.07 5.82 1 4.10382e-08
-4.055 -4.06 5.83 2 8.20764e-08
-4.045 -4.05 5.84 0 0
-4.035 -4.04 5.85 0 0
-4.025 -4.03 5.86 0 0
-4.015 -4.02 5.87 0 0
-4.005 -4.01 5.88 1 4.10382e-08
-3.995 -4 5.89 0 0
-3.985 -3.99 5.9 0 0
-3.975 -3.98 5.91 1 4.10382e-08
-3.965 -3.97 5.92 0 0
-3.955 -3.96 5.93 0 0
-3.945 -3.95 5.94 0 0
-3.935 -3.94 5.95 1 4.10382e-08
-3.925 -3.93 5.96 0 0
-3.915 -3.92 5.97 0 0
-3.905 -3.91 5.98 1 4.10382e-08
-3.895 -3.9 5.99 1 4.10382e-08
-3.885 -3.89 6 0 0
-3.875 -3.88 6.01 1 4.10382e-08
-3.865 -3.87 6.02 1 4.10382e-08
-3.855 -3.86 6.03 0 0
-3.845 -3.85 6.04 0 0
-3.835 -3.84 6.05 2 8.20764e-08
-3.825 -3.83 6.06 1 4.10382e-08
-3.815 -3.82 6.07 0 0
-3.805 -3.81 6.08 0 0
-3.795 -3.8 6.09 2 8.20764e-08
-3.785 -3.79 6.1 0 0
-3.775 -3.78 6.11 1 4.10382e-08
-3.765 -3.77 6.12 1 4.10382e-08
-3.755 -3.76 6.13 0 0
-3.745 -3.75 6.14 1 4.10382e-08
-3.735 -3.74 6.15 2 8.20764e-08
-3.725 -3.73 6.16 1 4.10382e-08
-3.715 -3.72 6.17 0 0
-3.705 -3.71 6.18 1 4.10382e-08
-3.695 -3.7 6.19 0 0
-3.685 -3.69 6.2 1 4.10382e-08
-3.675 -3.68 6.21 0 0
-3.665 -3.67 6.22 0 0
-3.655 -3.66 6.23 0 0
-3.645 -3.65 6.24 0 0
-3.635 -3.64 6.25 1 4.10382e-08
-3.625 -3.63 6.26 0 0
-3.615 -3.62 6.27 0 0
-3.605 -3.61 6.28 3 1.23115e-07
-3.595 -3.6 6.29 0 0
-3.585 -3.59 6.3 0 0
-3.575 -3.58 6.31 1 4.10382e-08
-3.565 -3.57 6.32 0 0
-3.555 -3.56 6.33 1 4.10382e-08
-3.545 -3.55 6.34 0 0
-3.535 -3.54 6.35 0 0
-3.525 -3.53 6.36 0 0
-3.515 -3.52 6.37 1 4.10382e-08
-3.505 -3.51 6.38 0 0
-3.495 -3.5 6.39 1 4.10382e-08
-3.485 -3.49 6.4 0 0
-3.475 -3.48 6.41 2 8.20764e-08
-3.465 -3.47 6.42 0 0
-3.455 -3.46 6.43 1 4.10382e-08
-3.445 -3.45 6.44 0 0
-3.435 -3.44 6.45 1 4.10382e-08
-3.425 -3.43 6.46 1 4.10382e-08
-3.415 -3.42 6.47 1 4.10382e-08
-3.405 -3.41 6.48 2 8.20764e-08
-3.395 -3.4 6.49 0 0
-3.385 -3.39 6.5 0 0
-3.375 -3.38 6.51 1 4.10382e-08
-3.365 -3.37 6.52 2 8.20764e-08
-3.355 -3.36 6.53 0 0
-3.345 -3.35 6.54 1 4.10382e-08
-3.335 -3.34 6.55 0 0
-3.325 -3.33 6.56 0 0
-3.315 -3.32 6.57 4 1.64153e-07
-3.305 -3.31 6.58 1 4.10382e-08
-3.295 -3.3 6.59 0 0
-3.285 -3.29 6.6 0 0
-3.275 -3.28 6.61 1 4.10382e-08
-3.265 -3.27 6.62 0 0
-3.255 -3.26 6.63 1 4.10382e-08
-3.245 -3.25 6.64 2 8.20764e-08
-3.235 -3.24 6.65 1 4.10382e-08
-3.225 -3.23 6.66 1 4.10382e-08
-3.215 -3.22 6.67 6 2.46229e-07
-3.205 -3.21 6.68 0 0
-3.195 -3.2 6.69 2 8.20764e-08
-3.185 -3.19 6.7 3 1.23115e-07
-3.175 -3.18 6.71 4 1.64153e-07
-3.165 -3.17 6.72 0 0
-3.155 -3.16 6.73 2 8.20764e-08
-3.145 -3.15 6.74 0 0
-3.135 -3.14 6.75 3 1.23115e-07
-3.125 -3.13 6.76 2 8.20764e-08
-3.115 -3.12 6.77 1 4.10382e-08
-3.105 -3.11 6.78 0 0
-3.095 -3.1 6.79 0 0
-3.085 -3.09 6.8 2 8.20764e-08
-3.075 -3.08 6.81 1 4.10382e-08
-3.065 -3.07 6.82 4 1.64153e-07
-3.055 -3.06 6.83 2 8.20764e-08
-3.045 -3.05 6.84 4 1.64153e-07
-3.035 -3.04 6.85 2 8.20764e-08
-3.025 -3.03 6.86 0 0
-3.015 -3.02 6.87 2 8.20764e-08
-3.005 -3.01 6.88 1 4.10382e-08
-2.995 -3 6.89 3 1.23115e-07
-2.985 -2.99 6.9 1 4.10382e-08
-2.975 -2.98 6.91 1 4.10382e-08
-2.965 -2.97 6.92 0 0
-2.955 -2.96 6.93 2 8.20764e-08
-2.945 -2.95 6.94 2 8.20764e-08
-2.935 -2.94 6.95 2 8.20764e-08
-2.925 -2.93 6.96 1 4.10382e-08
-2.915 -2.92 6.97 2 8.20764e-08
-2.905 -2.91 6.98 2 8.20764e-08
-2.895 -2.9 6.99 1 4.10382e-08
-2.885 -2.89 7 4 1.64153e-07
-2.875 -2.88 7.01 3 1.23115e-07
-2.865 -2.87 7.02 1 4.10382e-08
-2.855 -2.86 7.03 5 2.05191e-07
-2.845 -2.85 7.04 0 0
-2.835 -2.84 7.05 1 4.10382e-08
-2.825 -2.83 7.06 3 1.23115e-07
-2.815 -2.82 7.07 2 8.20764e-08
-2.805 -2.81 7.08 3 1.23115e-07
-2.795 -2.8 7.09 0 0
-2.785 -2.79 7.1 0 0
-2.775 -2.78 7.11 4 1.64153e-07
-2.765 -2.77 7.12 2 8.20764e-08
-2.755 -2.76 7.13 2 8.20764e-08
-2.745 -2.75 7.14 2 8.20764e-08
-2.735 -2.74 7.15 5 2.05191e-07
-2.725 -2.73 7.16 3 1.23115e-07
-2.715 -2.72 7.17 0 0
-2.705 -2.71 7.18 4 1.64153e-07
-2.695 -2.7 7.19 0 0
-2.685 -2.69 7.2 4 1.64153e-07
-2.675 -2.68 7.21 5 2.05191e-07
-2.665 -2.67 7.22 5 2.05191e-07
-2.655 -2.66 7.23 3 1.23115e-07
-2.645 -2.65 7.24 5 2.05191e-07
-2.635 -2.64 7.25 2 8.20764e-08
-2.625 -2.63 7.26 3 1.23115e-07
-2.615 -2.62 7.27 5 2.05191e-07
-2.605 -2.61 7.28 6 2.46229e-07
-2.595 -2.6 7.29 4 1.64153e-07
-2.585 -2.59 7.3 3 1.23115e-07
-2.575 -2.58 7.31 7 2.87267e-07
-2.565 -2.57 7.32 5 2.05191e-07
-2.555 -2.56 7.33 3 1.23115e-07
-2.545 -2.55 7.34 5 2.05191e-07
-2.535 -2.54 7.35 6 2.46229e-07
-2.525 -2.53 7.36 7 2.87267e-07
-2.515 -2.52 7.37 5 2.05191e-07
-2.505 -2.51 7.38 6 2.46229e-07
-2.495 -2.5 7.39 3 1.23115e-07
-2.485 -2.49 7.4 6 2.46229e-07
-2.475 -2.48 7.41 3 1.23115e-07
-2.465 -2.47 7.42 4 1.64153e-07
-2.455 -2.46 7.43 4 1.64153e-07
-2.445 -2.45 7.44 2 8.20764e-08
-2.435 -2.44 7.45 9 3.69344e-07
-2.425 -2.43 7.46 6 2.46229e-07
-2.415 -2.42 7.47 3 1.23115e-07
-2.405 -2.41 7.48 10 4.10382e-07
-2.395 -2.4 7.49 8 3.28306e-07
-2.385 -2.39 7.5 4 1.64153e-07
-2.375 -2.38 7.51 9 3.69344e-07
-2.365 -2.37 7.52 4 1.64153e-07
-2.355 -2.36 7.53 5 2.05191e-07
-2.345 -2.35 7.54 4 1.64153e-07
-2.335 -2.34 7.55 5 2.05191e-07
-2.325 -2.33 7.56 3 1.23115e-07
-2.315 -2.32 7.57 5 2.05191e-07
-2.305 -2.31 7.58 6 2.46229e-07
-2.295 -2.3 7.59 10 4.10382e-07
-2.285 -2.29 7.6 4 1.64153e-07
-2.275 -2.28 7.61 8 3.28306e-07
-2.265 -2.27 7.62 2 8.20764e-08
-2.255 -2.26 7.63 10 4.10382e-07
-2.245 -2.25 7.64 10 4.10382e-07
-2.235 -2.24 7.65 7 2.87267e-07
-2.225 -2.23 7.66 5 2.05191e-07
-2.215 -2.22 7.67 6 2.46229e-07
-2.205 -2.21 7.68 9 3.69344e-07
-2.195 -2.2 7.69 4 1.64153e-07
-2.185 -2.19 7.7 8 3.28306e-07
-2.175 -2.18 7.71 6 2.46229e-07
-2.165 -2.17 7.72 4 1.64153e-07
-2.155 -2.16 7.73 14 5.74535e-07
-2.145 -2.15 7.74 8 3.28306e-07
-2.135 -2.14 7.75 10 4.10382e-07
-2.125 -2.13 7.76 6 2.46229e-07
-2.115 -2.12 7.77 11 4.5142e-07
-2.105 -2.11 7.78 9 3.69344e-07
-2.095 -2.1 7.79 10 4.10382e-07
-2.085 -2.09 7.8 14 5.74535e-07
-2.075 -2.08 7.81 8 3.28306e-07
-2.065 -2.07 7.82 7 2.87267e-07
-2.055 -2.06 7.83 7 2.87267e-07
-2.045 -2.05 7.84 7 2.87267e-07
-2.035 -2.04 7.85 9 3.69344e-07
-2.025 -2.03 7.86 9 3.69344e-07
-2.015 -2.02 7.87 15 6.15573e-07
-2.005 -2.01 7.88 12 4.92458e-07
-1.995 -2 7.89 7 2.87267e-07
-1.985 -1.99 7.9 7 2.87267e-07
-1.975 -1.98 7.91 3 1.23115e-07
-1.965 -1.97 7.92 11 4.5142e-07
-1.955 -1.96 7.93 10 4.10382e-07
-1.945 -1.95 7.94 14 5.74535e-07
-1.935 -1.94 7.95 12 4.92458e-07
-1.925 -1.93 7.96 9 3.69344e-07
-1.915 -1.92 7.97 12 4.92458e-07
-1.905 -1.91 7.98 9 3.69344e-07
-1.895 -1.9 7.99 13 5.33497e-07
-1.885 -1.89 8 15 6.15573e-07
-1.875 -1.88 8.01 12 4.92458e-07
-1.865 -1.87 8.02 15 6.15573e-07
-1.855 -1.86 8.03 10 4.10382e-07
-1.845 -1.85 8.04 22 9.0284e-07
-1.835 -1.84 8.05 13 5.33497e-07
-1.825 -1.83 8.06 17 6.97649e-07
-1.815 -1.82 8.07 11 4.5142e-07
-1.805 -1.81 8.08 14 5.74535e-07
-1.795 -1.8 8.09 16 6.56611e-07
-1.785 -1.79 8.1 13 5.33497e-07
-1.775 -1.78 8.11 18 7.38688e-07
-1.765 -1.77 8.12 17 6.97649e-07
-1.755 -1.76 8.13 29 1.19011e-06
-1.745 -1.75 8.14 20 8.20764e-07
-1.735 -1.74 8.15 14 5.74535e-07
-1.725 -1.73 8.16 21 8.61802e-07
-1.715 -1.72 8.17 11 4.5142e-07
-1.705 -1.71 8.18 19 7.79726e-07
-1.695 -1.7 8.19 12 4.92458e-07
-1.685 -1.69 8.2 22 9.0284e-07
-1.675 -1.68 8.21 19 7.79726e-07
-1.665 -1.67 8.22 10 4.10382e-07
-1.655 -1.66 8.23 19 7.79726e-07
-1.645 -1.65 8.24 25 1.02596e-06
-1.635 -1.64 8.25 19 7.79726e-07
-1.625 -1.63 8.26 27 1.10803e-06
-1.615 -1.62 8.27 24 9.84917e-07
-1.605 -1.61 8.28 27 1.10803e-06
-1.595 -1.6 8.29 24 9.84917e-07
-1.585 -1.59 8.3 24 9.84917e-07
-1.575 -1.58 8.31 26 1.06699e-06
-1.565 -1.57 8.32 25 1.02596e-06
-1.555 -1.56 8.33 29 1.19011e-06
-1.545 -1.55 8.34 34 1.3953e-06
-1.535 -1.54 8.35 27 1.10803e-06
-1.525 -1.53 8.36 39 1.60049e-06
-1.515 -1.52 8.37 31 1.27218e-06
-1.505 -1.51 8.38 36 1.47738e-06
-1.495 -1.5 8.39 22 9.0284e-07
-1.485 -1.49 8.4 25 1.02596e-06
-1.475 -1.48 8.41 34 1.3953e-06
-1.465 -1.47 8.42 43 1.76464e-06
-1.455 -1.46 8.43 40 1.64153e-06
-1.445 -1.45 8.44 36 1.47738e-06
-1.435 -1.44 8.45 30 1.23115e-06
-1.425 -1.43 8.46 20 8.20764e-07
-1.415 -1.42 8.47 44 1.80568e-06
-1.405 -1.41 8.48 43 1.76464e-06
-1.395 -1.4 8.49 42 1.7236e-06
-1.385 -1.39 8.5 31 1.27218e-06
-1.375 -1.38 8.51 53 2.17502e-06
-1.365 -1.37 8.52 41 1.68257e-06
-1.355 -1.36 8.53 46 1.88776e-06
-1.345 -1.35 8.54 45 1.84672e-06
-1.335 -1.34 8.55 49 2.01087e-06
-1.325 -1.33 8.56 39 1.60049e-06
-1.315 -1.32 8.57 50 2.05191e-06
-1.305 -1.31 8.58 53 2.17502e-06
-1.295 -1.3 8.59 48 1.96983e-06
-1.285 -1.29 8.6 64 2.62644e-06
-1.275 -1.28 8.61 54 2.21606e-06
-1.265 -1.27 8.62 55 2.2571e-06
-1.255 -1.26 8.63 66 2.70852e-06
-1.245 -1.25 8.64 72 2.95475e-06
-1.235 -1.24 8.65 71 2.91371e-06
-1.225 -1.23 8.66 67 2.74956e-06
-1.215 -1.22 8.67 77 3.15994e-06
-1.205 -1.21 8.68 82 3.36513e-06
-1.195 -1.2 8.69 83 3.40617e-06
-1.185 -1.19 8.7 75 3.07787e-06
-1.175 -1.18 8.71 85 3.48825e-06
-1.165 -1.17 8.72 90 3.69344e-06
-1.155 -1.16 8.73 101 4.14486e-06
-1.145 -1.15 8.74 92 3.77551e-06
-1.135 -1.14 8.75 103 4.22693e-06
-1.125 -1.13 8.76 105 4.30901e-06
-1.115 -1.12 8.77 98 4.02174e-06
-1.105 -1.11 8.78 103 4.22693e-06
-1.095 -1.1 8.79 121 4.96562e-06
-1.085 -1.09 8.8 118 4.84251e-06
-1.075 -1.08 8.81 131 5.376e-06
-1.065 -1.07 8.82 126 5.17081e-06
-1.055 -1.06 8.83 126 5.17081e-06
-1.045 -1.05 8.84 139 5.70431e-06
-1.035 -1.04 8.85 141 5.78639e-06
-1.025 -1.03 8.86 135 5.54016e-06
-1.015 -1.02 8.87 154 6.31988e-06
-1.005 -1.01 8.88 155 6.36092e-06
-0.995 -1 8.89 163 6.68923e-06
-0.985 -0.990001 8.9 146 5.99158e-06
-0.975 -0.98 8.91 185 7.59207e-06
-0.965 -0.97 8.92 184 7.55103e-06
-0.955 -0.96 8.93 192 7.87933e-06
-0.945 -0.950001 8.94 239 9.80813e-06
-0.935 -0.940001 8.95 222 9.11048e-06
-0.925 -0.93 8.96 264 1.08341e-05
-0.915 -0.92 8.97 233 9.5619e-06
-0.905 -0.91 8.98 248 1.01775e-05
-0.895 -0.900001 8.99 255 1.04647e-05
-0.885 -0.89 9 288 1.1819e-05
-0.875 -0.88 9.01 292 1.19832e-05
-0.865 -0.87 9.02 319 1.30912e-05
-0.855 -0.860001 9.03 314 1.2886e-05
-0.845 -0.85 9.04 336 1.37888e-05
-0.835 -0.84 9.05 355 1.45686e-05
-0.825 -0.83 9.06 358 1.46917e-05
-0.815 -0.820001 9.07 384 1.57587e-05
-0.805 -0.81 9.08 427 1.75233e-05
-0.795 -0.8 9.09 422 1.73181e-05
-0.785 -0.79 9.1 469 1.92469e-05
-0.775 -0.780001 9.11 462 1.89596e-05
-0.765 -0.77 9.12 461 1.89186e-05
-0.755 -0.76 9.13 492 2.01908e-05
-0.745 -0.75 9.14 561 2.30224e-05
-0.735 -0.740001 9.15 587 2.40894e-05
-0.725 -0.73 9.16 613 2.51564e-05
-0.715 -0.72 9.17 616 2.52795e-05
-0.705 -0.71 9.18 676 2.77418e-05
-0.695 -0.700001 9.19 729 2.99168e-05
-0.685 -0.690001 9.2 758 3.1107e-05
-0.675 -0.68 9.21 799 3.27895e-05
-0.665 -0.67 9.22 900 3.69344e-05
-0.655 -0.66 9.23 906 3.71806e-05
-0.645 -0.650001 9.24 931 3.82066e-05
-0.635 -0.64 9.25 1040 4.26797e-05
-0.625 -0.63 9.26 1057 4.33774e-05
-0.615 -0.62 9.27 1171 4.80557e-05
-0.605 -0.610001 9.28 1130 4.63732e-05
-0.595 -0.6 9.29 1234 5.06411e-05
-0.585 -0.59 9.3 1325 5.43756e-05
-0.575 -0.58 9.31 1414 5.8028e-05
-0.565 -0.570001 9.32 1478 6.06545e-05
-0.555 -0.56 9.33 1628 6.68102e-05
-0.545 -0.55 9.34 1796 7.37046e-05
-0.535 -0.54 9.35 1789 7.34173e-05
-0.525 -0.530001 9.36 1916 7.86292e-05
-0.515 -0.52 9.37 2128 8.73293e-05
-0.505 -0.51 9.38 2148 8.81501e-05
-0.495 -0.5 9.39 2447 0.00010042
-0.485 -0.490001 9.4 2515 0.000103211
-0.475 -0.48 9.41 2659 0.000109121
-0.465 -0.47 9.42 3112 0.000127711
-0.455 -0.46 9.43 3198 0.00013124
-0.445 -0.450001 9.44 3492 0.000143305
-0.435 -0.440001 9.45 3837 0.000157464
-0.425 -0.43 9.46 4006 0.000164399
-0.415 -0.42 9.47 4387 0.000180035
-0.405 -0.410001 9.48 4914 0.000201662
-0.395 -0.400001 9.49 5236 0.000214876
-0.385 -0.39 9.5 5575 0.000228788
-0.375 -0.38 9.51 6182 0.000253698
-0.365 -0.37 9.52 6786 0.000278485
-0.355 -0.360001 9.53 7522 0.000308689
-0.345 -0.35 9.54 8421 0.000345583
-0.335 -0.34 9.55 9007 0.000369631
-0.325 -0.33 9.56 10068 0.000413173
-0.315 -0.320001 9.57 11237 0.000461146
-0.305 -0.31 9.58 12706 0.000521431
-0.295 -0.3 9.59 14006 0.000574781
-0.285 -0.29 9.6 15525 0.000637118
-0.275 -0.280001 9.61 17845 0.000732327
-0.265 -0.27 9.62 20069 0.000823596
-0.255 -0.26 9.63 23024 0.000944864
-0.245 -0.25 9.64 26112 0.00107159
-0.235 -0.240001 9.65 29936 0.00122852
-0.225 -0.23 9.66 34509 0.00141619
-0.215 -0.22 9.67 39689 0.00162877
-0.205 -0.21 9.68 46143 0.00189363
-0.195 -0.200001 9.69 53760 0.00220621
-0.185 -0.190001 9.7 63742 0.00261586
-0.175 -0.18 9.71 75317 0.00309087
-0.165 -0.17 9.72 89104 0.00365667
-0.155 -0.160001 9.73 106909 0.00438735
-0.145 -0.150001 9.74 129061 0.00529643
-0.135 -0.14 9.75 157306 0.00645556
-0.125 -0.13 9.76 192025 0.00788036
-0.115 -0.12 9.77 236046 0.0096869
-0.105 -0.110001 9.78 293505 0.0120449
-0.0950003 -0.1 9.79 366905 0.0150571
-0.0850003 -0.0900002 9.8 463492 0.0190209
-0.0750003 -0.0799999 9.81 586710 0.0240775
-0.0650003 -0.0700006 9.82 742054 0.0304526
-0.0550003 -0.0600004 9.83 944534 0.038762
-0.0450003 -0.0500002 9.84 1188300 0.0487657
-0.0350003 -0.04 9.85 1476393 0.0605885
-0.0250003 -0.0300007 9.86 1799361 0.0738425
-0.0150003 -0.0200005 9.87 2133371 0.0875497
-0.00500034 -0.0100002 9.88 2359431 0.0968268
0.00499966 0 9.89 2110641 0.0866169
0.0149997 0.00999928 9.9 1566604 0.0642906
0.0249997 0.0199995 9.91 1151123 0.04724
0.0349997 0.0299997 9.92 866901 0.0355761
0.0449997 0.04 9.93 671954 0.0275758
0.0549997 0.0499992 9.94 534410 0.0219312
0.0649997 0.0599995 9.95 433897 0.0178064
0.0749997 0.0699997 9.96 358123 0.0146967
0.0849997 0.0799999 9.97 299533 0.0122923
0.0949997 0.0899992 9.98 254686 0.0104519
0.105 0.0999994 9.99 218773 0.00897805
0.115 0.11 10 189672 0.0077838
0.125 0.12 10.01 166754 0.00684328
0.135 0.13 10.02 146647 0.00601813
0.145 0.139999 10.03 130651 0.00536168
0.155 0.15 10.04 116996 0.00480131
0.165 0.16 10.05 105302 0.0043214
0.175 0.17 10.06 94809 0.00389079
0.185 0.179999 10.07 85936 0.00352666
0.195 0.19 10.08 78376 0.00321641
0.205 0.2 10.09 72024 0.00295574
0.215 0.21 10.1 65735 0.00269765
0.225 0.219999 10.11 60534 0.00248421
0.235 0.23 10.12 55794 0.00228969
0.245 0.24 10.13 51575 0.00211655
0.255 0.25 10.14 47535 0.00195075
0.265 0.259999 10.15 43904 0.00180174
0.275 0.27 10.16 40722 0.00167116
0.285 0.28 10.17 37149 0.00152453
0.295 0.29 10.18 34614 0.0014205
0.305 0.299999 10.19 31661 0.00129931
0.315 0.309999 10.2 29413 0.00120706
0.325 0.32 10.21 27216 0.0011169
0.335 0.33 10.22 24589 0.00100909
0.345 0.339999 10.23 23069 0.00094671
0.355 0.349999 10.24 21036 0.00086328
0.365 0.36 10.25 19148 0.000785799
0.375 0.37 10.26 17901 0.000734625
0.385 0.38 10.27 16249 0.00066683
0.395 0.389999 10.28 14850 0.000609417
0.405 0.4 10.29 13625 0.000559145
0.415 0.41 10.3 12540 0.000514619
0.425 0.42 10.31 11291 0.000463362
0.435 0.429999 10.32 10351 0.000424786
0.445 0.44 10.33 9389 0.000385308
0.455 0.45 10.34 8651 0.000355021
0.465 0.46 10.35 7675 0.000314968
0.475 0.469999 10.36 7035 0.000288704
0.485 0.48 10.37 6474 0.000265681
0.495 0.49 10.38 5804 0.000238186
0.505 0.5 10.39 5338 0.000219062
0.515 0.509999 10.4 4888 0.000200595
0.525 0.52 10.41 4489 0.00018422
0.535 0.53 10.42 4157 0.000170596
0.545 0.54 10.43 3694 0.000151595
0.555 0.549999 10.44 3405 0.000139735
0.565 0.559999 10.45 3149 0.000129229
0.575 0.57 10.46 2935 0.000120447
0.585 0.58 10.47 2744 0.000112609
0.595 0.589999 10.48 2458 0.000100872
0.605 0.599999 10.49 2247 9.22128e-05
0.615 0.61 10.5 2107 8.64675e-05
0.625 0.62 10.51 1786 7.32942e-05
0.635 0.63 10.52 1782 7.31301e-05
0.645 0.639999 10.53 1585 6.50455e-05
0.655 0.65 10.54 1467 6.0203e-05
0.665 0.66 10.55 1408 5.77818e-05
0.675 0.67 10.56 1262 5.17902e-05
0.685 0.679999 10.57 1216 4.99025e-05
0.695 0.69 10.58 1087 4.46085e-05
0.705 0.7 10.59 1073 4.4034e-05
0.715 0.71 10.6 1003 4.11613e-05
0.725 0.719999 10.61 902 3.70165e-05
0.735 0.73 10.62 835 3.42669e-05
0.745 0.74 10.63 770 3.15994e-05
0.755 0.75 10.64 713 2.92602e-05
0.765 0.759999 10.65 672 2.75777e-05
0.775 0.77 10.66 683 2.80291e-05
0.785 0.78 10.67 653 2.67979e-05
0.795 0.79 10.68 571 2.34328e-05
0.805 0.799999 10.69 551 2.2612e-05
0.815 0.809999 10.7 501 2.05601e-05
0.825 0.82 10.71 489 2.00677e-05
0.835 0.83 10.72 482 1.97804e-05
0.845 0.839999 10.73 408 1.67436e-05
0.855 0.849999 10.74 418 1.7154e-05
0.865 0.86 10.75 409 1.67846e-05
0.875 0.87 10.76 363 1.48969e-05
0.885 0.88 10.77 353 1.44865e-05
0.895 0.889999 10.78 340 1.3953e-05
0.905 0.9 10.79 301 1.23525e-05
0.915 0.91 10.8 285 1.16959e-05
0.925 0.92 10.81 274 1.12445e-05
0.935 0.929999 10.82 239 9.80813e-06
0.945 0.94 10.83 263 1.0793e-05
0.955 0.95 10.84 246 1.00954e-05
0.965 0.96 10.85 268 1.09982e-05
0.975 0.969999 10.86 226 9.27463e-06
0.985 0.98 10.87 248 1.01775e-05
0.995 0.99 10.88 197 8.08453e-06
1.005 1 10.89 205 8.41283e-06
1.015 1.01 10.9 173 7.09961e-06
1.025 1.02 10.91 170 6.97649e-06
1.035 1.03 10.92 146 5.99158e-06
1.045 1.04 10.93 149 6.11469e-06
1.055 1.05 10.94 133 5.45808e-06
1.065 1.06 10.95 142 5.82742e-06
1.075 1.07 10.96 144 5.9095e-06
1.085 1.08 10.97 136 5.5812e-06
1.095 1.09 10.98 129 5.29393e-06
1.105 1.1 10.99 126 5.17081e-06
1.115 1.11 11 119 4.88355e-06
1.125 1.12 11.01 122 5.00666e-06
1.135 1.13 11.02 114 4.67835e-06
1.145 1.14 11.03 118 4.84251e-06
1.155 1.15 11.04 91 3.73448e-06
1.165 1.16 11.05 118 4.84251e-06
1.175 1.17 11.06 100 4.10382e-06
1.185 1.18 11.07 115 4.71939e-06
1.195 1.19 11.08 85 3.48825e-06
1.205 1.2 11.09 76 3.1189e-06
1.215 1.21 11.1 88 3.61136e-06
1.225 1.22 11.11 74 3.03683e-06
1.235 1.23 11.12 89 3.6524e-06
1.245 1.24 11.13 86 3.52929e-06
1.255 1.25 11.14 76 3.1189e-06
1.265 1.26 11.15 87 3.57032e-06
1.275 1.27 11.16 78 3.20098e-06
1.285 1.28 11.17 65 2.66748e-06
1.295 1.29 11.18 61 2.50333e-06
1.305 1.3 11.19 75 3.07787e-06
1.315 1.31 11.2 70 2.87267e-06
1.325 1.32 11.21 83 3.40617e-06
1.335 1.33 11.22 56 2.29814e-06
1.345 1.34 11.23 56 2.29814e-06
1.355 1.35 11.24 70 2.87267e-06
1.365 1.36 11.25 45 1.84672e-06
1.375 1.37 11.26 56 2.29814e-06
1.385 1.38 11.27 56 2.29814e-06
1.395 1.39 11.28 63 2.58541e-06
1.405 1.4 11.29 55 2.2571e-06
1.415 1.41 11.3 33 1.35426e-06
1.425 1.42 11.31 42 1.7236e-06
1.435 1.43 11.32 42 1.7236e-06
1.445 1.44 11.33 50 2.05191e-06
1.455 1.45 11.34 45 1.84672e-06
1.465 1.46 11.35 46 1.88776e-06
1.475 1.47 11.36 40 1.64153e-06
1.485 1.48 11.37 42 1.7236e-06
1.495 1.49 11.38 38 1.55945e-06
1.505 1.5 11.39 47 1.9288e-06
1.515 1.51 11.4 41 1.68257e-06
1.525 1.52 11.41 32 1.31322e-06
1.535 1.53 11.42 27 1.10803e-06
1.545 1.54 11.43 44 1.80568e-06
1.555 1.55 11.44 31 1.27218e-06
1.565 1.56 11.45 36 1.47738e-06
1.575 1.57 11.46 33 1.35426e-06
1.585 1.58 11.47 31 1.27218e-06
1.595 1.59 11.48 35 1.43634e-06
1.605 1.6 11.49 20 8.20764e-07
1.615 1.61 11.5 31 1.27218e-06
1.625 1.62 11.51 28 1.14907e-06
1.635 1.63 11.52 24 9.84917e-07
1.645 1.64 11.53 20 8.20764e-07
1.655 1.65 11.54 23 9.43879e-07
1.665 1.66 11.55 23 9.43879e-07
1.675 1.67 11.56 20 8.20764e-07
1.685 1.68 11.57 22 9.0284e-07
1.695 1.69 11.58 23 9.43879e-07
1.705 1.7 11.59 22 9.0284e-07
1.715 1.71 11.6 19 7.79726e-07
1.725 1.72 11.61 36 1.47738e-06
1.735 1.73 11.62 28 1.14907e-06
1.745 1.74 11.63 27 1.10803e-06
1.755 1.75 11.64 14 5.74535e-07
1.765 1.76 11.65 21 8.61802e-07
1.775 1.77 11.66 15 6.15573e-07
1.785 1.78 11.67 14 5.74535e-07
1.795 1.79 11.68 19 7.79726e-07
1.805 1.8 11.69 20 8.20764e-07
1.815 1.81 11.7 16 6.56611e-07
1.825 1.82 11.71 22 9.0284e-07
1.835 1.83 11.72 23 9.43879e-07
1.845 1.84 11.73 13 5.33497e-07
1.855 1.85 11.74 19 7.79726e-07
1.865 1.86 11.75 17 6.97649e-07
1.875 1.87 11.76 14 5.74535e-07
1.885 1.88 11.77 20 8.20764e-07
1.895 1.89 11.78 17 6.97649e-07
1.905 1.9 11.79 11 4.5142e-07
1.915 1.91 11.8 19 7.79726e-07
1.925 1.92 11.81 8 3.28306e-07
1.935 1.93 11.82 13 5.33497e-07
1.945 1.94 11.83 16 6.56611e-07
1.955 1.95 11.84 6 2.46229e-07
1.965 1.96 11.85 11 4.5142e-07
1.975 1.97 11.86 7 2.87267e-07
1.985 1.98 11.87 18 7.38688e-07
1.995 1.99 11.88 13 5.33497e-07
2.005 2 11.89 17 6.97649e-07
2.015 2.01 11.9 13 5.33497e-07
2.025 2.02 11.91 9 3.69344e-07
2.035 2.03 11.92 16 6.56611e-07
2.045 2.04 11.93 10 4.10382e-07
2.055 2.05 11.94 14 5.74535e-07
2.065 2.06 11.95 8 3.28306e-07
2.075 2.07 11.96 14 5.74535e-07
2.085 2.08 11.97 8 3.28306e-07
2.095 2.09 11.98 4 1.64153e-07
2.105 2.1 11.99 10 4.10382e-07
2.115 2.11 12 10 4.10382e-07
2.125 2.12 12.01 15 6.15573e-07
2.135 2.13 12.02 11 4.5142e-07
2.145 2.14 12.03 11 4.5142e-07
2.155 2.15 12.04 13 5.33497e-07
2.165 2.16 12.05 7 2.87267e-07
2.175 2.17 12.06 12 4.92458e-07
2.185 2.18 12.07 8 3.28306e-07
2.195 2.19 12.08 10 4.10382e-07
2.205 2.2 12.09 8 3.28306e-07
2.215 2.21 12.1 12 4.92458e-07
2.225 2.22 12.11 4 1.64153e-07
2.235 2.23 12.12 11 4.5142e-07
2.245 2.24 12.13 9 3.69344e-07
2.255 2.25 12.14 6 2.46229e-07
2.265 2.26 12.15 9 3.69344e-07
2.275 2.27 12.16 4 1.64153e-07
2.285 2.28 12.17 4 1.64153e-07
2.295 2.29 12.18 4 1.64153e-07
2.305 2.3 12.19 11 4.5142e-07
2.315 2.31 12.2 6 2.46229e-07
2.325 2.32 12.21 12 4.92458e-07
2.335 2.33 12.22 5 2.05191e-07
2.345 2.34 12.23 7 2.87267e-07
2.355 2.35 12.24 14 5.74535e-07
2.365 2.36 12.25 11 4.5142e-07
2.375 2.37 12.26 6 2.46229e-07
2.385 2.38 12.27 3 1.23115e-07
2.395 2.39 12.28 4 1.64153e-07
2.405 2.4 12.29 6 2.46229e-07
2.415 2.41 12.3 7 2.87267e-07
2.425 2.42 12.31 5 2.05191e-07
2.435 2.43 12.32 5 2.05191e-07
2.445 2.44 12.33 7 2.87267e-07
2.455 2.45 12.34 7 2.87267e-07
2.465 2.46 12.35 10 4.10382e-07
2.475 2.47 12.36 6 2.46229e-07
2.485 2.48 12.37 5 2.05191e-07
2.495 2.49 12.38 2 8.20764e-08
2.505 2.5 12.39 2 8.20764e-08
2.515 2.51 12.4 2 8.20764e-08
2.525 2.52 12.41 8 3.28306e-07
2.535 2.53 12.42 5 2.05191e-07
2.545 2.54 12.43 8 3.28306e-07
2.555 2.55 12.44 5 2.05191e-07
2.565 2.56 12.45 12 4.92458e-07
2.575 2.57 12.46 3 1.23115e-07
2.585 2.58 12.47 8 3.28306e-07
2.595 2.59 12.48 3 1.23115e-07
2.605 2.6 12.49 3 1.23115e-07
2.615 2.61 12.5 4 1.64153e-07
2.625 2.62 12.51 9 3.69344e-07
2.635 2.63 12.52 7 2.87267e-07
2.645 2.64 12.53 2 8.20764e-08
2.655 2.65 12.54 5 2.05191e-07
2.665 2.66 12.55 8 3.28306e-07
2.675 2.67 12.56 3 1.23115e-07
2.685 2.68 12.57 7 2.87267e-07
2.695 2.69 12.58 7 2.87267e-07
2.705 2.7 12.59 4 1.64153e-07
2.715 2.71 12.6 6 2.46229e-07
2.725 2.72 12.61 2 8.20764e-08
2.735 2.73 12.62 5 2.05191e-07
2.745 2.74 12.63 5 2.05191e-07
2.755 2.75 12.64 2 8.20764e-08
2.765 2.76 12.65 6 2.46229e-07
2.775 2.77 12.66 6 2.46229e-07
2.785 2.78 12.67 4 1.64153e-07
2.795 2.79 12.68 4 1.64153e-07
2.805 2.8 12.69 4 1.64153e-07
2.815 2.81 12.7 5 2.05191e-07
2.825 2.82 12.71 2 8.20764e-08
2.835 2.83 12.72 9 3.69344e-07
2.845 2.84 12.73 3 1.23115e-07
2.855 2.85 12.74 6 2.46229e-07
2.865 2.86 12.75 5 2.05191e-07
2.875 2.87 12.76 2 8.20764e-08
2.885 2.88 12.77 3 1.23115e-07
2.895 2.89 12.78 1 4.10382e-08
2.905 2.9 12.79 1 4.10382e-08
2.915 2.91 12.8 3 1.23115e-07
2.925 2.92 12.81 3 1.23115e-07
2.935 2.93 12.82 4 1.64153e-07
2.945 2.94 12.83 3 1.23115e-07
2.955 2.95 12.84 4 1.64153e-07
2.965 2.96 12.85 4 1.64153e-07
2.975 2.97 12.86 3 1.23115e-07
2.985 2.98 12.87 3 1.23115e-07
2.995 2.99 12.88 2 8.20764e-08
3.005 3 12.89 3 1.23115e-07
3.015 3.01 12.9 1 4.10382e-08
3.025 3.02 12.91 3 1.23115e-07
3.035 3.03 12.92 2 8.20764e-08
3.045 3.04 12.93 1 4.10382e-08
3.055 3.05 12.94 1 4.10382e-08
3.065 3.06 12.95 3 1.23115e-07
3.075 3.07 12.96 3 1.23115e-07
3.085 3.08 12.97 1 4.10382e-08
3.095 3.09 12.98 4 1.64153e-07
3.105 3.1 12.99 0 0
3.115 3.11 13 5 2.05191e-07
3.125 3.12 13.01 3 1.23115e-07
3.135 3.13 13.02 4 1.64153e-07
3.145 3.14 13.03 3 1.23115e-07
3.155 3.15 13.04 4 1.64153e-07
3.165 3.16 13.05 3 1.23115e-07
3.175 3.17 13.06 2 8.20764e-08
3.185 3.18 13.07 4 1.64153e-07
3.195 3.19 13.08 2 8.20764e-08
3.205 3.2 13.09 1 4.10382e-08
3.215 3.21 13.1 5 2.05191e-07
3.225 3.22 13.11 3 1.23115e-07
3.235 3.23 13.12 3 1.23115e-07
3.245 3.24 13.13 2 8.20764e-08
3.255 3.25 13.14 0 0
3.265 3.26 13.15 1 4.10382e-08
3.275 3.27 13.16 2 8.20764e-08
3.285 3.28 13.17 0 0
3.295 3.29 13.18 1 4.10382e-08
3.305 3.3 13.19 0 0
3.315 3.31 13.2 2 8.20764e-08
3.325 3.32 13.21 2 8.20764e-08
3.335 3.33 13.22 1 4.10382e-08
3.345 3.34 13.23 1 4.10382e-08
3.355 3.35 13.24 4 1.64153e-07
3.365 3.36 13.25 1 4.10382e-08
3.375 3.37 13.26 0 0
3.385 3.38 13.27 1 4.10382e-08
3.395 3.39 13.28 4 1.64153e-07
3.405 3.4 13.29 2 8.20764e-08
3.415 3.41 13.3 1 4.10382e-08
3.425 3.42 13.31 1 4.10382e-08
3.435 3.43 13.32 2 8.20764e-08
3.445 3.44 13.33 1 4.10382e-08
3.455 3.45 13.34 0 0
3.465 3.46 13.35 0 0
3.475 3.47 13.36 3 1.23115e-07
3.485 3.48 13.37 0 0
3.495 3.49 13.38 1 4.10382e-08
3.505 3.5 13.39 1 4.10382e-08
3.515 3.51 13.4 1 4.10382e-08
3.525 3.52 13.41 1 4.10382e-08
3.535 3.53 13.42 1 4.10382e-08
3.545 3.54 13.43 0 0
3.555 3.55 13.44 2 8.20764e-08
3.565 3.56 13.45 1 4.10382e-08
3.575 3.57 13.46 0 0
3.585 3.58 13.47 0 0
3.595 3.59 13.48 1 4.10382e-08
3.605 3.6 13.49 1 4.10382e-08
3.615 3.61 13.5 1 4.10382e-08
3.625 3.62 13.51 1 4.10382e-08
3.635 3.63 13.52 3 1.23115e-07
3.645 3.64 13.53 1 4.10382e-08
3.655 3.65 13.54 2 8.20764e-08
3.665 3.66 13.55 2 8.20764e-08
3.675 3.67 13.56 1 4.10382e-08
3.685 3.68 13.57 3 1.23115e-07
3.695 3.69 13.58 1 4.10382e-08
3.705 3.7 13.59 2 8.20764e-08
3.715 3.71 13.6 0 0
3.725 3.72 13.61 1 4.10382e-08
3.735 3.73 13.62 1 4.10382e-08
3.745 3.74 13.63 0 0
3.755 3.75 13.64 1 4.10382e-08
3.765 3.76 13.65 4 1.64153e-07
3.775 3.77 13.66 2 8.20764e-08
3.785 3.78 13.67 0 0
3.795 3.79 13.68 0 0
3.805 3.8 13.69 1 4.10382e-08
3.815 3.81 13.7 0 0
3.825 3.82 13.71 0 0
3.835 3.83 13.72 1 4.10382e-08
3.845 3.84 13.73 0 0
3.855 3.85 13.74 0 0
3.865 3.86 13.75 4 1.64153e-07
3.875 3.87 13.76 0 0
3.885 3.88 13.77 1 4.10382e-08
3.895 3.89 13.78 0 0
3.905 3.9 13.79 0 0
3.915 3.91 13.8 0 0
3.925 3.92 13.81 1 4.10382e-08
3.935 3.93 13.82 0 0
3.945 3.94 13.83 0 0
3.955 3.95 13.84 0 0
3.965 3.96 13.85 1 4.10382e-08
3.975 3.97 13.86 0 0
3.985 3.98 13.87 0 0
3.995 3.99 13.88 0 0
4.005 4 13.89 0 0
4.015 4.01 13.9 0 0
4.025 4.02 13.91 2 8.20764e-08
4.035 4.03 13.92 1 4.10382e-08
4.045 4.04 13.93 1 4.10382e-08
4.055 4.05 13.94 0 0
4.065 4.06 13.95 0 0
4.075 4.07 13.96 0 0
4.085 4.08 13.97 1 4.10382e-08
4.095 4.09 13.98 0 0
4.105 4.1 13.99 0 0
4.115 4.11 14 1 4.10382e-08
4.125 4.12 14.01 0 0
4.135 4.13 14.02 1 4.10382e-08
4.145 4.14 14.03 1 4.10382e-08
4.155 4.15 14.04 0 0
4.165 4.16 14.05 1 4.10382e-08
4.175 4.17 14.06 0 0
4.185 4.18 14.07 1 4.10382e-08
4.195 4.19 14.08 0 0
4.205 4.2 14.09 0 0
4.215 4.21 14.1 0 0
4.225 4.22 14.11 0 0
4.235 4.23 14.12 0 0
4.245 4.24 14.13 1 4.10382e-08
4.255 4.25 14.14 1 4.10382e-08
4.265 4.26 14.15 0 0
4.275 4.27 14.16 1 4.10382e-08
4.285 4.28 14.17 0 0
4.295 4.29 14.18 0 0
4.305 4.3 14.19 0 0
4.315 4.31 14.2 0 0
4.325 4.32 14.21 0 0
4.335 4.33 14.22 0 0
4.345 4.34 14.23 0 0
4.355 4.35 14.24 0 0
4.365 4.36 14.25 0 0
4.375 4.37 14.26 1 4.10382e-08
4.385 4.38 14.27 0 0
4.395 4.39 14.28 1 4.10382e-08
4.405 4.4 14.29 0 0
4.415 4.41 14.3 0 0
4.425 4.42 14.31 1 4.10382e-08
4.435 4.43 14.32 1 4.10382e-08
4.445 4.44 14.33 1 4.10382e-08
4.455 4.45 14.34 0 0
4.465 4.46 14.35 0 0
4.475 4.47 14.36 2 8.20764e-08
4.485 4.48 14.37 2 8.20764e-08
4.495 4.49 14.38 0 0
4.505 4.5 14.39 0 0
4.515 4.51 14.4 0 0
4.525 4.52 14.41 0 0
4.535 4.53 14.42 0 0
4.545 4.54 14.43 0 0
4.555 4.55 14.44 0 0
4.565 4.56 14.45 0 0
4.575 4.57 14.46 0 0
4.585 4.58 14.47 0 0
4.595 4.59 14.48 1 4.10382e-08
4.605 4.6 14.49 0 0
4.615 4.61 14.5 0 0
4.625 4.62 14.51 0 0
4.635 4.63 14.52 1 4.10382e-08
4.645 4.64 14.53 0 0
4.655 4.65 14.54 0 0
4.665 4.66 14.55 0 0
4.675 4.67 14.56 0 0
4.685 4.68 14.57 0 0
4.695 4.69 14.58 1 4.10382e-08
4.705 4.7 14.59 0 0
4.715 4.71 14.6 1 4.10382e-08
4.725 4.72 14.61 1 4.10382e-08
4.735 4.73 14.62 0 0
4.745 4.74 14.63 0 0
4.755 4.75 14.64 1 4.10382e-08
4.765 4.76 14.65 0 0
4.775 4.77 14.66 0 0
4.785 4.78 14.67 0 0
4.795 4.79 14.68 0 0
4.805 4.8 14.69 0 0
4.815 4.81 14.7 1 4.10382e-08
4.825 4.82 14.71 0 0
4.835 4.83 14.72 0 0
4.845 4.84 14.73 0 0
4.855 4.85 14.74 1 4.10382e-08
4.865 4.86 14.75 0 0
4.875 4.87 14.76 0 0
4.885 4.88 14.77 0 0
4.895 4.89 14.78 0 0
4.905 4.9 14.79 1 4.10382e-08
4.915 4.91 14.8 1 4.10382e-08
4.925 4.92 14.81 1 4.10382e-08
4.935 4.93 14.82 0 0
4.945 4.94 14.83 0 0
4.955 4.95 14.84 0 0
4.965 4.96 14.85 1 4.10382e-08
4.975 4.97 14.86 0 0
4.985 4.98 14.87 0 0
4.995 4.99 14.88 0 0
5.005 5 14.89 1 4.10382e-08
5.015 5.01 14.9 1 4.10382e-08
5.025 5.02 14.91 0 0
5.035 5.03 14.92 0 0
5.045 5.04 14.93 0 0
5.055 5.05 14.94 0 0
5.065 5.06 14.95 0 0
5.075 5.07 14.96 0 0
5.085 5.08 14.97 0 0
5.095 5.09 14.98 0 0
5.105 5.1 14.99 1 4.10382e-08
5.115 5.11 15 2 8.20764e-08
5.125 5.12 15.01 0 0
5.135 5.13 15.02 0 0
5.145 5.14 15.03 1 4.10382e-08
5.155 5.15 15.04 1 4.10382e-08
5.165 5.16 15.05 0 0
5.175 5.17 15.06 0 0
5.185 5.18 15.07 0 0
5.195 5.19 15.08 0 0
5.205 5.2 15.09 0 0
5.215 5.21 15.1 0 0
5.225 5.22 15.11 1 4.10382e-08
5.235 5.23 15.12 1 4.10382e-08
5.245 5.24 15.13 0 0
5.255 5.25 15.14 0 0
5.265 5.26 15.15 0 0
5.275 5.27 15.16 0 0
5.285 5.28 15.17 0 0
5.295 5.29 15.18 0 0
5.305 5.3 15.19 0 0
5.315 5.31 15.2 1 4.10382e-08
5.325 5.32 15.21 0 0
5.335 5.33 15.22 0 0
5.345 5.34 15.23 0 0
5.355 5.35 15.24 2 8.20764e-08
5.365 5.36 15.25 1 4.10382e-08
5.375 5.37 15.26 0 0
5.385 5.38 15.27 0 0
5.395 5.39 15.28 0 0
5.405 5.4 15.29 1 4.10382e-08
5.415 5.41 15.3 0 0
5.425 5.42 15.31 1 4.10382e-08
5.435 5.43 15.32 0 0
5.445 5.44 15.33 0 0
5.455 5.45 15.34 0 0
5.465 5.46 15.35 0 0
5.475 5.47 15.36 0 0
5.485 5.48 15.37 0 0
5.495 5.49 15.38 0 0
5.505 5.5 15.39 0 0
5.515 5.51 15.4 0 0
5.525 5.52 15.41 0 0
5.535 5.53 15.42 0 0
5.545 5.54 15.43 0 0
5.555 5.55 15.44 1 4.10382e-08
5.565 5.56 15.45 0 0
5.575 5.57 15.46 0 0
5.585 5.58 15.47 0 0
5.595 5.59 15.48 0 0
5.605 5.6 15.49 0 0
5.615 5.61 15.5 0 0
5.625 5.62 15.51 0 0
5.635 5.63 15.52 0 0
5.645 5.64 15.53 0 0
5.655 5.65 15.54 0 0
5.665 5.66 15.55 0 0
5.675 5.67 15.56 1 4.10382e-08
5.685 5.68 15.57 1 4.10382e-08
5.695 5.69 15.58 0 0
5.705 5.7 15.59 0 0
5.715 5.71 15.6 0 0
5.725 5.72 15.61 0 0
5.735 5.73 15.62 0 0
5.745 5.74 15.63 0 0
5.755 5.75 15.64 0 0
5.765 5.76 15.65 0 0
5.775 5.77 15.66 0 0
5.785 5.78 15.67 0 0
5.795 5.79 15.68 0 0
5.805 5.8 15.69 0 0
5.815 5.81 15.7 0 0
5.825 5.82 15.71 1 4.10382e-08
5.835 5.83 15.72 0 0
5.845 5.84 15.73 0 0
5.855 5.85 15.74 0 0
5.865 5.86 15.75 0 0
5.875 5.87 15.76 0 0
5.885 5.88 15.77 0 0
5.895 5.89 15.78 0 0
5.905 5.9 15.79 0 0
5.915 5.91 15.8 0 0
5.925 5.92 15.81 0 0
5.935 5.93 15.82 0 0
5.945 5.94 15.83 0 0
5.955 5.95 15.84 0 0
5.965 5.96 15.85 0 0
5.975 5.97 15.86 0 0
5.985 5.98 15.87 0 0
5.995 5.99 15.88 0 0
6.005 6 15.89 0 0
6.015 6.01 15.9 0 0
6.025 6.02 15.91 0 0
6.035 6.03 15.92 0 0
6.045 6.04 15.93 0 0
6.055 6.05 15.94 0 0
6.065 6.06 15.95 0 0
6.075 6.07 15.96 0 0
6.085 6.08 15.97 0 0
6.095 6.09 15.98 0 0
6.105 6.1 15.99 0 0
6.115 6.11 16 0 0
6.125 6.12 16.01 0 0
6.135 6.13 16.02 0 0
6.145 6.14 16.03 0 0
6.155 6.15 16.04 0 0
6.165 6.16 16.05 0 0
6.175 6.17 16.06 1 4.10382e-08
6.185 6.18 16.07 0 0
6.195 6.19 16.08 0 0
6.205 6.2 16.09 1 4.10382e-08
6.215 6.21 16.1 0 0
6.225 6.22 16.11 0 0
6.235 6.23 16.12 0 0
6.245 6.24 16.13 0 0
6.255 6.25 16.14 0 0
6.265 6.26 16.15 0 0
6.275 6.27 16.16 0 0
6.285 6.28 16.17 0 0
6.295 6.29 16.18 0 0
6.305 6.3 16.19 1 4.10382e-08
6.315 6.31 16.2 0 0
6.325 6.32 16.21 0 0
6.335 6.33 16.22 0 0
6.345 6.34 16.23 0 0
6.355 6.35 16.24 0 0
6.365 6.36 16.25 0 0
6.375 6.37 16.26 0 0
6.385 6.38 16.27 0 0
6.395 6.39 16.28 0 0
6.405 6.4 16.29 0 0
6.415 6.41 16.3 0 0
6.425 6.42 16.31 1 4.10382e-08
6.435 6.43 16.32 0 0
6.445 6.44 16.33 0 0
6.455 6.45 16.34 0 0
6.465 6.46 16.35 0 0
6.475 6.47 16.36 0 0
6.485 6.48 16.37 0 0
6.495 6.49 16.38 0 0
6.505 6.5 16.39 0 0
6.515 6.51 16.4 0 0
6.525 6.52 16.41 0 0
6.535 6.53 16.42 0 0
6.545 6.54 16.43 0 0
6.555 6.55 16.44 0 0
6.565 6.56 16.45 0 0
6.575 6.57 16.46 1 4.10382e-08
6.585 6.58 16.47 0 0
6.595 6.59 16.48 0 0
6.605 6.6 16.49 0 0
6.615 6.61 16.5 0 0
6.625 6.62 16.51 0 0
6.635 6.63 16.52 0 0
6.645 6.64 16.53 0 0
6.655 6.65 16.54 0 0
6.665 6.66 16.55 0 0
6.675 6.67 16.56 0 0
6.685 6.68 16.57 1 4.10382e-08
6.695 6.69 16.58 0 0
6.705 6.7 16.59 0 0
6.715 6.71 16.6 0 0
6.725 6.72 16.61 0 0
6.735 6.73 16.62 0 0
6.745 6.74 16.63 0 0
6.755 6.75 16.64 0 0
6.765 6.76 16.65 0 0
6.775 6.77 16.66 0 0
6.785 6.78 16.67 0 0
6.795 6.79 16.68 0 0
6.805 6.8 16.69 0 0
6.815 6.81 16.7 0 0
6.825 6.82 16.71 0 0
6.835 6.83 16.72 0 0
6.845 6.84 16.73 0 0
6.855 6.85 16.74 1 4.10382e-08
6.865 6.86 16.75 0 0
6.875 6.87 16.76 0 0
6.885 6.88 16.77 0 0
6.895 6.89 16.78 1 4.10382e-08
6.905 6.9 16.79 0 0
6.915 6.91 16.8 0 0
6.925 6.92 16.81 0 0
6.935 6.93 16.82 0 0
6.945 6.94 16.83 0 0
6.955 6.95 16.84 0 0
6.965 6.96 16.85 0 0
6.975 6.97 16.86 0 0
6.985 6.98 16.87 0 0
6.995 6.99 16.88 0 0
7.005 7 16.89 0 0
7.015 7.01 16.9 0 0
7.025 7.02 16.91 0 0
7.035 7.03 16.92 0 0
7.045 7.04 16.93 0 0
7.055 7.05 16.94 0 0
7.065 7.06 16.95 0 0
7.075 7.07 16.96 0 0
7.085 7.08 16.97 0 0
7.095 7.09 16.98 0 0
7.105 7.1 16.99 0 0
7.115 7.11 17 0 0
7.125 7.12 17.01 0 0
7.135 7.13 17.02 0 0
7.145 7.14 17.03 0 0
7.155 7.15 17.04 0 0
7.165 7.16 17.05 0 0
7.175 7.17 17.06 0 0
7.185 7.18 17.07 0 0
7.195 7.19 17.08 0 0
7.205 7.2 17.09 0 0
7.215 7.21 17.1 0 0
7.225 7.22 17.11 1 4.10382e-08
7.235 7.23 17.12 0 0
7.245 7.24 17.13 0 0
7.255 7.25 17.14 0 0
7.265 7.26 17.15 0 0
7.275 7.27 17.16 0 0
7.285 7.28 17.17 0 0
7.295 7.29 17.18 0 0
7.305 7.3 17.19 0 0
7.315 7.31 17.2 0 0
7.325 7.32 17.21 0 0
7.335 7.33 17.22 0 0
7.345 7.34 17.23 0 0
7.355 7.35 17.24 0 0
7.365 7.36 17.25 0 0
7.375 7.37 17.26 0 0
7.385 7.38 17.27 0 0
7.395 7.39 17.28 0 0
7.405 7.4 17.29 0 0
7.415 7.41 17.3 0 0
7.425 7.42 17.31 0 0
7.435 7.43 17.32 0 0
7.445 7.44 17.33 0 0
7.455 7.45 17.34 0 0
7.465 7.46 17.35 0 0
7.475 7.47 17.36 0 0
7.485 7.48 17.37 0 0
7.495 7.49 17.38 0 0
7.505 7.5 17.39 0 0
7.515 7.51 17.4 0 0
7.525 7.52 17.41 0 0
7.535 7.53 17.42 0 0
7.545 7.54 17.43 0 0
7.555 7.55 17.44 1 4.10382e-08
7.565 7.56 17.45 0 0
7.575 7.57 17.46 0 0
7.585 7.58 17.47 0 0
7.595 7.59 17.48 0 0
7.605 7.6 17.49 0 0
7.615 7.61 17.5 0 0
7.625 7.62 17.51 0 0
7.635 7.63 17.52 0 0
7.645 7.64 17.53 0 0
7.655 7.65 17.54 0 0
7.665 7.66 17.55 0 0
7.675 7.67 17.56 0 0
7.685 7.68 17.57 0 0
7.695 7.69 17.58 0 0
7.705 7.7 17.59 0 0
7.715 7.71 17.6 0 0
7.725 7.72 17.61 0 0
7.735 7.73 17.62 0 0
7.745 7.74 17.63 0 0
7.755 7.75 17.64 0 0
7.765 7.76 17.65 0 0
7.775 7.77 17.66 0 0
7.785 7.78 17.67 0 0
7.795 7.79 17.68 0 0
7.805 7.8 17.69 0 0
7.815 7.81 17.7 0 0
7.825 7.82 17.71 0 0
7.835 7.83 17.72 0 0
7.845 7.84 17.73 0 0
7.855 7.85 17.74 0 0
7.865 7.86 17.75 0 0
7.875 7.87 17.76 0 0
7.885 7.88 17.77 0 0
7.895 7.89 17.78 0 0
7.905 7.9 17.79 0 0
7.915 7.91 17.8 0 0
7.925 7.92 17.81 0 0
7.935 7.93 17.82 0 0
7.945 7.94 17.83 0 0
7.955 7.95 17.84 0 0
7.965 7.96 17.85 0 0
7.975 7.97 17.86 0 0
7.985 7.98 17.87 0 0
7.995 7.99 17.88 0 0
8.005 8 17.89 0 0
8.015 8.01 17.9 0 0
8.025 8.02 17.91 0 0
8.035 8.03 17.92 0 0
8.045 8.04 17.93 0 0
8.055 8.05 17.94 0 0
8.065 8.06 17.95 0 0
8.075 8.07 17.96 0 0
8.085 8.08 17.97 0 0
8.095 8.09 17.98 0 0
8.105 8.1 17.99 0 0
8.115 8.11 18 1 4.10382e-08
8.125 8.12 18.01 0 0
8.135 8.13 18.02 0 0
8.145 8.14 18.03 0 0
8.155 8.15 18.04 0 0
8.165 8.16 18.05 0 0
8.175 8.17 18.06 0 0
8.185 8.18 18.07 0 0
8.195 8.19 18.08 0 0
8.205 8.2 18.09 0 0
8.215 8.21 18.1 0 0
8.225 8.22 18.11 0 0
8.235 8.23 18.12 0 0
8.245 8.24 18.13 0 0
8.255 8.25 18.14 0 0
8.265 8.26 18.15 0 0
8.275 8.27 18.16 0 0
8.285 8.28 18.17 0 0
8.295 8.29 18.18 0 0
8.305 8.3 18.19 0 0
8.315 8.31 18.2 0 0
8.325 8.32 18.21 0 0
8.335 8.33 18.22 0 0
8.345 8.34 18.23 0 0
8.355 8.35 18.24 0 0
8.365 8.36 18.25 0 0
8.375 8.37 18.26 0 0
8.385 8.38 18.27 0 0
8.395 8.39 18.28 0 0
8.405 8.4 18.29 0 0
8.415 8.41 18.3 0 0
8.425 8.42 18.31 0 0
8.435 8.43 18.32 0 0
8.445 8.44 18.33 0 0
8.455 8.45 18.34 0 0
8.465 8.46 18.35 0 0
8.475 8.47 18.36 1 4.10382e-08
8.485 8.48 18.37 0 0
8.495 8.49 18.38 0 0
8.505 8.5 18.39 0 0
8.515 8.51 18.4 0 0
8.525 8.52 18.41 0 0
8.535 8.53 18.42 0 0
8.545 8.54 18.43 0 0
8.555 8.55 18.44 0 0
8.565 8.56 18.45 0 0
8.575 8.57 18.46 1 4.10382e-08
8.585 8.58 18.47 0 0
8.595 8.59 18.48 0 0
8.605 8.6 18.49 0 0
8.615 8.61 18.5 0 0
8.625 8.62 18.51 0 0
8.635 8.63 18.52 0 0
8.645 8.64 18.53 0 0
8.655 8.65 18.54 0 0
8.665 8.66 18.55 0 0
8.675 8.67 18.56 0 0
8.685 8.68 18.57 0 0
8.695 8.69 18.58 0 0
8.705 8.7 18.59 0 0
8.715 8.71 18.6 0 0
8.725 8.72 18.61 0 0
8.735 8.73 18.62 0 0
8.745 8.74 18.63 0 0
8.755 8.75 18.64 0 0
8.765 8.76 18.65 0 0
8.775 8.77 18.66 0 0
8.785 8.78 18.67 0 0
8.795 8.79 18.68 0 0
8.805 8.8 18.69 0 0
8.815 8.81 18.7 0 0
8.825 8.82 18.71 0 0
8.835 8.83 18.72 0 0
8.845 8.84 18.73 0 0
8.855 8.85 18.74 0 0
8.865 8.86 18.75 0 0
8.875 8.87 18.76 0 0
8.885 8.88 18.77 0 0
8.895 8.89 18.78 0 0
8.905 8.9 18.79 0 0
8.915 8.91 18.8 0 0
8.925 8.92 18.81 0 0
8.935 8.93 18.82 0 0
8.945 8.94 18.83 0 0
8.955 8.95 18.84 0 0
8.965 8.96 18.85 0 0
8.975 8.97 18.86 0 0
8.985 8.98 18.87 0 0
8.995 8.99 18.88 0 0
9.005 9 18.89 0 0
9.015 9.01 18.9 0 0
9.025 9.02 18.91 0 0
9.035 9.03 18.92 0 0
9.045 9.04 18.93 0 0
9.055 9.05 18.94 0 0
9.065 9.06 18.95 0 0
9.075 9.07 18.96 0 0
9.085 9.08 18.97 0 0
9.095 9.09 18.98 0 0
9.105 9.1 18.99 0 0
9.115 9.11 19 0 0
9.125 9.12 19.01 0 0
9.135 9.13 19.02 0 0
9.145 9.14 19.03 0 0
9.155 9.15 19.04 0 0
9.165 9.16 19.05 0 0
9.175 9.17 19.06 0 0
9.185 9.18 19.07 0 0
9.195 9.19 19.08 0 0
9.205 9.2 19.09 0 0
9.215 9.21 19.1 0 0
9.225 9.22 19.11 0 0
9.235 9.23 19.12 0 0
9.245 9.24 19.13 0 0
9.255 9.25 19.14 0 0
9.265 9.26 19.15 0 0
9.275 9.27 19.16 0 0
9.285 9.28 19.17 0 0
9.295 9.29 19.18 0 0
9.305 9.3 19.19 0 0
9.315 9.31 19.2 0 0
9.325 9.32 19.21 0 0
9.335 9.33 19.22 0 0
9.345 9.34 19.23 0 0
9.355 9.35 19.24 0 0
9.365 9.36 19.25 0 0
9.375 9.37 19.26 0 0
9.385 9.38 19.27 0 0
9.395 9.39 19.28 0 0
9.405 9.4 19.29 0 0
9.415 9.41 19.3 0 0
9.425 9.42 19.31 0 0
9.435 9.43 19.32 0 0
9.445 9.44 19.33 0 0
9.455 9.45 19.34 0 0
9.465 9.46 19.35 0 0
9.475 9.47 19.36 0 0
9.485 9.48 19.37 0 0
9.495 9.49 19.38 0 0
9.505 9.5 19.39 0 0
9.515 9.51 19.4 0 0
9.525 9.52 19.41 0 0
9.535 9.53 19.42 0 0
9.545 9.54 19.43 0 0
9.555 9.55 19.44 0 0
9.565 9.56 19.45 0 0
9.575 9.57 19.46 0 0
9.585 9.58 19.47 0 0
9.595 9.59 19.48 0 0
9.605 9.6 19.49 0 0
9.615 9.61 19.5 0 0
9.625 9.62 19.51 0 0
9.635 9.63 19.52 0 0
9.645 9.64 19.53 0 0
9.655 9.65 19.54 0 0
9.665 9.66 19.55 0 0
9.675 9.67 19.56 0 0
9.685 9.68 19.57 0 0
9.695 9.69 19.58 0 0
9.705 9.7 19.59 0 0
9.715 9.71 19.6 1 4.10382e-08
9.725 9.72 19.61 0 0
9.735 9.73 19.62 0 0
9.745 9.74 19.63 0 0
9.755 9.75 19.64 0 0
9.765 9.76 19.65 0 0
9.775 9.77 19.66 0 0
9.785 9.78 19.67 0 0
9.795 9.79 19.68 0 0
9.805 9.8 19.69 0 0
9.815 9.81 19.7 0 0
9.825 9.82 19.71 0 0
9.835 9.83 19.72 0 0
9.845 9.84 19.73 0 0
9.855 9.85 19.74 0 0
9.865 9.86 19.75 0 0
9.875 9.87 19.76 0 0
9.885 9.88 19.77 0 0
9.895 9.89 19.78 0 0
9.905 9.9 19.79 0 0
9.915 9.91 19.8 0 0
9.925 9.92 19.81 0 0
9.935 9.93 19.82 0 0
9.945 9.94 19.83 0 0
9.955 9.95 19.84 0 0
9.965 9.96 19.85 0 0
9.975 9.97 19.86 0 0
9.985 9.98 19.87 0 0
9.995 9.99 19.88 0 0
10.005 10 19.89 0 0
10.015 10.01 19.9 0 0
10.025 10.02 19.91 0 0
10.035 10.03 19.92 0 0
10.045 10.04 19.93 0 0
10.055 10.05 19.94 0 0
10.065 10.06 19.95 0 0
10.075 10.07 19.96 0 0
10.085 10.08 19.97 0 0
10.095 10.09 19.98 0 0
10.105 10.1 19.99 0 0
10.115 10.11 20 0 0
10.125 10.12 20.01 0 0
10.135 10.13 20.02 1 4.10382e-08
10.145 10.14 20.03 0 0
