Midpoint LowerLim UpperLim Count ProbabilityDensity
-8.505 -8.51 0.01 0 0
-8.495 -8.5 0.02 1 9.22857e-08
-8.485 -8.49 0.03 0 0
-8.475 -8.48 0.04 0 0
-8.465 -8.47 0.05 0 0
-8.455 -8.46 0.06 0 0
-8.445 -8.45 0.07 0 0
-8.435 -8.44 0.08 0 0
-8.425 -8.43 0.09 0 0
-8.415 -8.42 0.1 0 0
-8.405 -8.41 0.11 0 0
-8.395 -8.4 0.12 0 0
-8.385 -8.39 0.13 0 0
-8.375 -8.38 0.14 0 0
-8.365 -8.37 0.15 0 0
-8.355 -8.36 0.16 0 0
-8.345 -8.35 0.17 0 0
-8.335 -8.34 0.18 0 0
-8.325 -8.33 0.19 0 0
-8.315 -8.32 0.2 0 0
-8.305 -8.31 0.21 0 0
-8.295 -8.3 0.22 0 0
-8.285 -8.29 0.23 0 0
-8.275 -8.28 0.24 0 0
-8.265 -8.27 0.25 0 0
-8.255 -8.26 0.26 0 0
-8.245 -8.25 0.27 0 0
-8.235 -8.24 0.28 0 0
-8.225 -8.23 0.29 0 0
-8.215 -8.22 0.3 0 0
-8.205 -8.21 0.31 0 0
-8.195 -8.2 0.32 0 0
-8.185 -8.19 0.33 0 0
-8.175 -8.18 0.34 0 0
-8.165 -8.17 0.35 0 0
-8.155 -8.16 0.36 0 0
-8.145 -8.15 0.37 0 0
-8.135 -8.14 0.38 0 0
-8.125 -8.13 0.39 0 0
-8.115 -8.12 0.4 0 0
-8.105 -8.11 0.41 0 0
-8.095 -8.1 0.42 0 0
-8.085 -8.09 0.43 0 0
-8.075 -8.08 0.44 0 0
-8.065 -8.07 0.45 0 0
-8.055 -8.06 0.46 0 0
-8.045 -8.05 0.47 0 0
-8.035 -8.04 0.48 0 0
-8.025 -8.03 0.49 0 0
-8.015 -8.02 0.5 0 0
-8.005 -8.01 0.51 0 0
-7.995 -8 0.52 0 0
-7.985 -7.99 0.53 0 0
-7.975 -7.98 0.54 0 0
-7.965 -7.97 0.55 0 0
-7.955 -7.96 0.56 0 0
-7.945 -7.95 0.57 0 0
-7.935 -7.94 0.58 0 0
-7.925 -7.93 0.59 0 0
-7.915 -7.92 0.6 0 0
-7.905 -7.91 0.61 0 0
-7.895 -7.9 0.62 0 0
-7.885 -7.89 0.63 0 0
-7.875 -7.88 0.64 0 0
-7.865 -7.87 0.65 0 0
-7.855 -7.86 0.66 0 0
-7.845 -7.85 0.67 0 0
-7.835 -7.84 0.68 0 0
-7.825 -7.83 0.69 0 0
-7.815 -7.82 0.7 0 0
-7.805 -7.81 0.71 0 0
-7.795 -7.8 0.72 0 0
-7.785 -7.79 0.73 0 0
-7.775 -7.78 0.74 0 0
-7.765 -7.77 0.75 0 0
-7.755 -7.76 0.76 0 0
-7.745 -7.75 0.77 0 0
-7.735 -7.74 0.78 0 0
-7.725 -7.73 0.79 0 0
-7.715 -7.72 0.8 0 0
-7.705 -7.71 0.81 0 0
-7.695 -7.7 0.82 0 0
-7.685 -7.69 0.83 0 0
-7.675 -7.68 0.84 0 0
-7.665 -7.67 0.85 0 0
-7.655 -7.66 0.86 0 0
-7.645 -7.65 0.87 0 0
-7.635 -7.64 0.88 0 0
-7.625 -7.63 0.89 0 0
-7.615 -7.62 0.9 0 0
-7.605 -7.61 0.91 0 0
-7.595 -7.6 0.92 0 0
-7.585 -7.59 0.93 0 0
-7.575 -7.58 0.94 0 0
-7.565 -7.57 0.95 0 0
-7.555 -7.56 0.96 0 0
-7.545 -7.55 0.97 0 0
-7.535 -7.54 0.98 0 0
-7.525 -7.53 0.99 0 0
-7.515 -7.52 1 0 0
-7.505 -7.51 1.01 0 0
-7.495 -7.5 1.02 0 0
-7.485 -7.49 1.03 0 0
-7.475 -7.48 1.04 0 0
-7.465 -7.47 1.05 0 0
-7.455 -7.46 1.06 0 0
-7.445 -7.45 1.07 0 0
-7.435 -7.44 1.08 0 0
-7.425 -7.43 1.09 0 0
-7.415 -7.42 1.1 0 0
-7.405 -7.41 1.11 0 0
-7.395 -7.4 1.12 0 0
-7.385 -7.39 1.13 0 0
-7.375 -7.38 1.14 0 0
-7.365 -7.37 1.15 0 0
-7.355 -7.36 1.16 0 0
-7.345 -7.35 1.17 0 0
-7.335 -7.34 1.18 0 0
-7.325 -7.33 1.19 0 0
-7.315 -7.32 1.2 0 0
-7.305 -7.31 1.21 0 0
-7.295 -7.3 1.22 0 0
-7.285 -7.29 1.23 0 0
-7.275 -7.28 1.24 0 0
-7.265 -7.27 1.25 0 0
-7.255 -7.26 1.26 0 0
-7.245 -7.25 1.27 0 0
-7.235 -7.24 1.28 0 0
-7.225 -7.23 1.29 0 0
-7.215 -7.22 1.3 0 0
-7.205 -7.21 1.31 0 0
-7.195 -7.2 1.32 0 0
-7.185 -7.19 1.33 0 0
-7.175 -7.18 1.34 1 9.22857e-08
-7.165 -7.17 1.35 0 0
-7.155 -7.16 1.36 0 0
-7.145 -7.15 1.37 0 0
-7.135 -7.14 1.38 0 0
-7.125 -7.13 1.39 0 0
-7.115 -7.12 1.4 0 0
-7.105 -7.11 1.41 0 0
-7.095 -7.1 1.42 0 0
-7.085 -7.09 1.43 0 0
-7.075 -7.08 1.44 0 0
-7.065 -7.07 1.45 0 0
-7.055 -7.06 1.46 0 0
-7.045 -7.05 1.47 0 0
-7.035 -7.04 1.48 0 0
-7.025 -7.03 1.49 0 0
-7.015 -7.02 1.5 0 0
-7.005 -7.01 1.51 0 0
-6.995 -7 1.52 0 0
-6.985 -6.99 1.53 0 0
-6.975 -6.98 1.54 0 0
-6.965 -6.97 1.55 0 0
-6.955 -6.96 1.56 0 0
-6.945 -6.95 1.57 0 0
-6.935 -6.94 1.58 0 0
-6.925 -6.93 1.59 0 0
-6.915 -6.92 1.6 0 0
-6.905 -6.91 1.61 0 0
-6.895 -6.9 1.62 0 0
-6.885 -6.89 1.63 0 0
-6.875 -6.88 1.64 0 0
-6.865 -6.87 1.65 0 0
-6.855 -6.86 1.66 0 0
-6.845 -6.85 1.67 0 0
-6.835 -6.84 1.68 0 0
-6.825 -6.83 1.69 0 0
-6.815 -6.82 1.7 0 0
-6.805 -6.81 1.71 0 0
-6.795 -6.8 1.72 0 0
-6.785 -6.79 1.73 0 0
-6.775 -6.78 1.74 0 0
-6.765 -6.77 1.75 0 0
-6.755 -6.76 1.76 0 0
-6.745 -6.75 1.77 0 0
-6.735 -6.74 1.78 0 0
-6.725 -6.73 1.79 0 0
-6.715 -6.72 1.8 0 0
-6.705 -6.71 1.81 0 0
-6.695 -6.7 1.82 0 0
-6.685 -6.69 1.83 0 0
-6.675 -6.68 1.84 0 0
-6.665 -6.67 1.85 0 0
-6.655 -6.66 1.86 0 0
-6.645 -6.65 1.87 0 0
-6.635 -6.64 1.88 0 0
-6.625 -6.63 1.89 0 0
-6.615 -6.62 1.9 0 0
-6.605 -6.61 1.91 0 0
-6.595 -6.6 1.92 0 0
-6.585 -6.59 1.93 0 0
-6.575 -6.58 1.94 0 0
-6.565 -6.57 1.95 0 0
-6.555 -6.56 1.96 0 0
-6.545 -6.55 1.97 0 0
-6.535 -6.54 1.98 0 0
-6.525 -6.53 1.99 0 0
-6.515 -6.52 2 0 0
-6.505 -6.51 2.01 0 0
-6.495 -6.5 2.02 0 0
-6.485 -6.49 2.03 0 0
-6.475 -6.48 2.04 0 0
-6.465 -6.47 2.05 0 0
-6.455 -6.46 2.06 0 0
-6.445 -6.45 2.07 0 0
-6.435 -6.44 2.08 0 0
-6.425 -6.43 2.09 0 0
-6.415 -6.42 2.1 0 0
-6.405 -6.41 2.11 0 0
-6.395 -6.4 2.12 0 0
-6.385 -6.39 2.13 0 0
-6.375 -6.38 2.14 0 0
-6.365 -6.37 2.15 0 0
-6.355 -6.36 2.16 0 0
-6.345 -6.35 2.17 0 0
-6.335 -6.34 2.18 0 0
-6.325 -6.33 2.19 0 0
-6.315 -6.32 2.2 0 0
-6.305 -6.31 2.21 0 0
-6.295 -6.3 2.22 0 0
-6.285 -6.29 2.23 0 0
-6.275 -6.28 2.24 0 0
-6.265 -6.27 2.25 0 0
-6.255 -6.26 2.26 0 0
-6.245 -6.25 2.27 0 0
-6.235 -6.24 2.28 0 0
-6.225 -6.23 2.29 0 0
-6.215 -6.22 2.3 0 0
-6.205 -6.21 2.31 0 0
-6.195 -6.2 2.32 0 0
-6.185 -6.19 2.33 1 9.22857e-08
-6.175 -6.18 2.34 0 0
-6.165 -6.17 2.35 0 0
-6.155 -6.16 2.36 0 0
-6.145 -6.15 2.37 0 0
-6.135 -6.14 2.38 0 0
-6.125 -6.13 2.39 0 0
-6.115 -6.12 2.4 0 0
-6.105 -6.11 2.41 0 0
-6.095 -6.1 2.42 0 0
-6.085 -6.09 2.43 0 0
-6.075 -6.08 2.44 0 0
-6.065 -6.07 2.45 0 0
-6.055 -6.06 2.46 0 0
-6.045 -6.05 2.47 0 0
-6.035 -6.04 2.48 0 0
-6.025 -6.03 2.49 0 0
-6.015 -6.02 2.5 0 0
-6.005 -6.01 2.51 0 0
-5.995 -6 2.52 0 0
-5.985 -5.99 2.53 0 0
-5.975 -5.98 2.54 0 0
-5.965 -5.97 2.55 0 0
-5.955 -5.96 2.56 0 0
-5.945 -5.95 2.57 0 0
-5.935 -5.94 2.58 0 0
-5.925 -5.93 2.59 0 0
-5.915 -5.92 2.6 0 0
-5.905 -5.91 2.61 0 0
-5.895 -5.9 2.62 0 0
-5.885 -5.89 2.63 0 0
-5.875 -5.88 2.64 0 0
-5.865 -5.87 2.65 0 0
-5.855 -5.86 2.66 0 0
-5.845 -5.85 2.67 0 0
-5.835 -5.84 2.68 1 9.22857e-08
-5.825 -5.83 2.69 0 0
-5.815 -5.82 2.7 0 0
-5.805 -5.81 2.71 0 0
-5.795 -5.8 2.72 0 0
-5.785 -5.79 2.73 0 0
-5.775 -5.78 2.74 0 0
-5.765 -5.77 2.75 0 0
-5.755 -5.76 2.76 0 0
-5.745 -5.75 2.77 0 0
-5.735 -5.74 2.78 0 0
-5.725 -5.73 2.79 0 0
-5.715 -5.72 2.8 0 0
-5.705 -5.71 2.81 0 0
-5.695 -5.7 2.82 0 0
-5.685 -5.69 2.83 0 0
-5.675 -5.68 2.84 0 0
-5.665 -5.67 2.85 0 0
-5.655 -5.66 2.86 0 0
-5.645 -5.65 2.87 0 0
-5.635 -5.64 2.88 0 0
-5.625 -5.63 2.89 0 0
-5.615 -5.62 2.9 0 0
-5.605 -5.61 2.91 0 0
-5.595 -5.6 2.92 0 0
-5.585 -5.59 2.93 0 0
-5.575 -5.58 2.94 0 0
-5.565 -5.57 2.95 0 0
-5.555 -5.56 2.96 0 0
-5.545 -5.55 2.97 0 0
-5.535 -5.54 2.98 0 0
-5.525 -5.53 2.99 0 0
-5.515 -5.52 3 0 0
-5.505 -5.51 3.01 0 0
-5.495 -5.5 3.02 0 0
-5.485 -5.49 3.03 0 0
-5.475 -5.48 3.04 0 0
-5.465 -5.47 3.05 1 9.22857e-08
-5.455 -5.46 3.06 0 0
-5.445 -5.45 3.07 0 0
-5.435 -5.44 3.08 0 0
-5.425 -5.43 3.09 0 0
-5.415 -5.42 3.1 0 0
-5.405 -5.41 3.11 0 0
-5.395 -5.4 3.12 0 0
-5.385 -5.39 3.13 0 0
-5.375 -5.38 3.14 0 0
-5.365 -5.37 3.15 0 0
-5.355 -5.36 3.16 0 0
-5.345 -5.35 3.17 0 0
-5.335 -5.34 3.18 0 0
-5.325 -5.33 3.19 0 0
-5.315 -5.32 3.2 0 0
-5.305 -5.31 3.21 0 0
-5.295 -5.3 3.22 0 0
-5.285 -5.29 3.23 0 0
-5.275 -5.28 3.24 0 0
-5.265 -5.27 3.25 0 0
-5.255 -5.26 3.26 0 0
-5.245 -5.25 3.27 0 0
-5.235 -5.24 3.28 0 0
-5.225 -5.23 3.29 0 0
-5.215 -5.22 3.3 0 0
-5.205 -5.21 3.31 0 0
-5.195 -5.2 3.32 0 0
-5.185 -5.19 3.33 0 0
-5.175 -5.18 3.34 0 0
-5.165 -5.17 3.35 0 0
-5.155 -5.16 3.36 0 0
-5.145 -5.15 3.37 0 0
-5.135 -5.14 3.38 0 0
-5.125 -5.13 3.39 0 0
-5.115 -5.12 3.4 0 0
-5.105 -5.11 3.41 0 0
-5.095 -5.1 3.42 0 0
-5.085 -5.09 3.43 0 0
-5.075 -5.08 3.44 0 0
-5.065 -5.07 3.45 0 0
-5.055 -5.06 3.46 0 0
-5.045 -5.05 3.47 0 0
-5.035 -5.04 3.48 0 0
-5.025 -5.03 3.49 0 0
-5.015 -5.02 3.5 0 0
-5.005 -5.01 3.51 0 0
-4.995 -5 3.52 0 0
-4.985 -4.99 3.53 0 0
-4.975 -4.98 3.54 0 0
-4.965 -4.97 3.55 0 0
-4.955 -4.96 3.56 0 0
-4.945 -4.95 3.57 0 0
-4.935 -4.94 3.58 0 0
-4.925 -4.93 3.59 0 0
-4.915 -4.92 3.6 0 0
-4.905 -4.91 3.61 0 0
-4.895 -4.9 3.62 0 0
-4.885 -4.89 3.63 0 0
-4.875 -4.88 3.64 0 0
-4.865 -4.87 3.65 0 0
-4.855 -4.86 3.66 0 0
-4.845 -4.85 3.67 0 0
-4.835 -4.84 3.68 0 0
-4.825 -4.83 3.69 0 0
-4.815 -4.82 3.7 0 0
-4.805 -4.81 3.71 0 0
-4.795 -4.8 3.72 0 0
-4.785 -4.79 3.73 1 9.22857e-08
-4.775 -4.78 3.74 0 0
-4.765 -4.77 3.75 0 0
-4.755 -4.76 3.76 0 0
-4.745 -4.75 3.77 0 0
-4.735 -4.74 3.78 0 0
-4.725 -4.73 3.79 0 0
-4.715 -4.72 3.8 0 0
-4.705 -4.71 3.81 0 0
-4.695 -4.7 3.82 0 0
-4.685 -4.69 3.83 1 9.22857e-08
-4.675 -4.68 3.84 0 0
-4.665 -4.67 3.85 0 0
-4.655 -4.66 3.86 0 0
-4.645 -4.65 3.87 0 0
-4.635 -4.64 3.88 0 0
-4.625 -4.63 3.89 0 0
-4.615 -4.62 3.9 1 9.22857e-08
-4.605 -4.61 3.91 0 0
-4.595 -4.6 3.92 0 0
-4.585 -4.59 3.93 0 0
-4.575 -4.58 3.94 0 0
-4.565 -4.57 3.95 0 0
-4.555 -4.56 3.96 2 1.84571e-07
-4.545 -4.55 3.97 0 0
-4.535 -4.54 3.98 0 0
-4.525 -4.53 3.99 0 0
-4.515 -4.52 4 0 0
-4.505 -4.51 4.01 0 0
-4.495 -4.5 4.02 0 0
-4.485 -4.49 4.03 0 0
-4.475 -4.48 4.04 0 0
-4.465 -4.47 4.05 0 0
-4.455 -4.46 4.06 0 0
-4.445 -4.45 4.07 0 0
-4.435 -4.44 4.08 1 9.22857e-08
-4.425 -4.43 4.09 0 0
-4.415 -4.42 4.1 0 0
-4.405 -4.41 4.11 0 0
-4.395 -4.4 4.12 0 0
-4.385 -4.39 4.13 0 0
-4.375 -4.38 4.14 0 0
-4.365 -4.37 4.15 0 0
-4.355 -4.36 4.16 0 0
-4.345 -4.35 4.17 0 0
-4.335 -4.34 4.18 1 9.22857e-08
-4.325 -4.33 4.19 1 9.22857e-08
-4.315 -4.32 4.2 0 0
-4.305 -4.31 4.21 0 0
-4.295 -4.3 4.22 0 0
-4.285 -4.29 4.23 0 0
-4.275 -4.28 4.24 0 0
-4.265 -4.27 4.25 0 0
-4.255 -4.26 4.26 0 0
-4.245 -4.25 4.27 0 0
-4.235 -4.24 4.28 0 0
-4.225 -4.23 4.29 0 0
-4.215 -4.22 4.3 0 0
-4.205 -4.21 4.31 0 0
-4.195 -4.2 4.32 0 0
-4.185 -4.19 4.33 0 0
-4.175 -4.18 4.34 0 0
-4.165 -4.17 4.35 0 0
-4.155 -4.16 4.36 0 0
-4.145 -4.15 4.37 0 0
-4.135 -4.14 4.38 0 0
-4.125 -4.13 4.39 0 0
-4.115 -4.12 4.4 0 0
-4.105 -4.11 4.41 0 0
-4.095 -4.1 4.42 0 0
-4.085 -4.09 4.43 0 0
-4.075 -4.08 4.44 0 0
-4.065 -4.07 4.45 0 0
-4.055 -4.06 4.46 0 0
-4.045 -4.05 4.47 0 0
-4.035 -4.04 4.48 0 0
-4.025 -4.03 4.49 0 0
-4.015 -4.02 4.5 1 9.22857e-08
-4.005 -4.01 4.51 0 0
-3.995 -4 4.52 1 9.22857e-08
-3.985 -3.99 4.53 0 0
-3.975 -3.98 4.54 0 0
-3.965 -3.97 4.55 1 9.22857e-08
-3.955 -3.96 4.56 0 0
-3.945 -3.95 4.57 0 0
-3.935 -3.94 4.58 1 9.22857e-08
-3.925 -3.93 4.59 0 0
-3.915 -3.92 4.6 0 0
-3.905 -3.91 4.61 0 0
-3.895 -3.9 4.62 0 0
-3.885 -3.89 4.63 0 0
-3.875 -3.88 4.64 0 0
-3.865 -3.87 4.65 0 0
-3.855 -3.86 4.66 1 9.22857e-08
-3.845 -3.85 4.67 0 0
-3.835 -3.84 4.68 0 0
-3.825 -3.83 4.69 0 0
-3.815 -3.82 4.7 0 0
-3.805 -3.81 4.71 0 0
-3.795 -3.8 4.72 0 0
-3.785 -3.79 4.73 1 9.22857e-08
-3.775 -3.78 4.74 0 0
-3.765 -3.77 4.75 0 0
-3.755 -3.76 4.76 0 0
-3.745 -3.75 4.77 0 0
-3.735 -3.74 4.78 0 0
-3.725 -3.73 4.79 0 0
-3.715 -3.72 4.8 0 0
-3.705 -3.71 4.81 0 0
-3.695 -3.7 4.82 0 0
-3.685 -3.69 4.83 1 9.22857e-08
-3.675 -3.68 4.84 0 0
-3.665 -3.67 4.85 0 0
-3.655 -3.66 4.86 0 0
-3.645 -3.65 4.87 1 9.22857e-08
-3.635 -3.64 4.88 0 0
-3.625 -3.63 4.89 0 0
-3.615 -3.62 4.9 0 0
-3.605 -3.61 4.91 0 0
-3.595 -3.6 4.92 0 0
-3.585 -3.59 4.93 1 9.22857e-08
-3.575 -3.58 4.94 0 0
-3.565 -3.57 4.95 0 0
-3.555 -3.56 4.96 0 0
-3.545 -3.55 4.97 0 0
-3.535 -3.54 4.98 0 0
-3.525 -3.53 4.99 0 0
-3.515 -3.52 5 3 2.76857e-07
-3.505 -3.51 5.01 0 0
-3.495 -3.5 5.02 1 9.22857e-08
-3.485 -3.49 5.03 0 0
-3.475 -3.48 5.04 0 0
-3.465 -3.47 5.05 0 0
-3.455 -3.46 5.06 0 0
-3.445 -3.45 5.07 0 0
-3.435 -3.44 5.08 0 0
-3.425 -3.43 5.09 0 0
-3.415 -3.42 5.1 0 0
-3.405 -3.41 5.11 0 0
-3.395 -3.4 5.12 0 0
-3.385 -3.39 5.13 0 0
-3.375 -3.38 5.14 0 0
-3.365 -3.37 5.15 0 0
-3.355 -3.36 5.16 0 0
-3.345 -3.35 5.17 0 0
-3.335 -3.34 5.18 0 0
-3.325 -3.33 5.19 0 0
-3.315 -3.32 5.2 1 9.22857e-08
-3.305 -3.31 5.21 0 0
-3.295 -3.3 5.22 0 0
-3.285 -3.29 5.23 1 9.22857e-08
-3.275 -3.28 5.24 0 0
-3.265 -3.27 5.25 2 1.84571e-07
-3.255 -3.26 5.26 2 1.84571e-07
-3.245 -3.25 5.27 0 0
-3.235 -3.24 5.28 0 0
-3.225 -3.23 5.29 1 9.22857e-08
-3.215 -3.22 5.3 0 0
-3.205 -3.21 5.31 1 9.22857e-08
-3.195 -3.2 5.32 0 0
-3.185 -3.19 5.33 0 0
-3.175 -3.18 5.34 1 9.22857e-08
-3.165 -3.17 5.35 0 0
-3.155 -3.16 5.36 0 0
-3.145 -3.15 5.37 0 0
-3.135 -3.14 5.38 0 0
-3.125 -3.13 5.39 0 0
-3.115 -3.12 5.4 1 9.22857e-08
-3.105 -3.11 5.41 0 0
-3.095 -3.1 5.42 0 0
-3.085 -3.09 5.43 1 9.22857e-08
-3.075 -3.08 5.44 0 0
-3.065 -3.07 5.45 3 2.76857e-07
-3.055 -3.06 5.46 0 0
-3.045 -3.05 5.47 0 0
-3.035 -3.04 5.48 0 0
-3.025 -3.03 5.49 0 0
-3.015 -3.02 5.5 1 9.22857e-08
-3.005 -3.01 5.51 0 0
-2.995 -3 5.52 2 1.84571e-07
-2.985 -2.99 5.53 0 0
-2.975 -2.98 5.54 0 0
-2.965 -2.97 5.55 1 9.22857e-08
-2.955 -2.96 5.56 0 0
-2.945 -2.95 5.57 2 1.84571e-07
-2.935 -2.94 5.58 2 1.84571e-07
-2.925 -2.93 5.59 1 9.22857e-08
-2.915 -2.92 5.6 0 0
-2.905 -2.91 5.61 0 0
-2.895 -2.9 5.62 1 9.22857e-08
-2.885 -2.89 5.63 0 0
-2.875 -2.88 5.64 0 0
-2.865 -2.87 5.65 0 0
-2.855 -2.86 5.66 2 1.84571e-07
-2.845 -2.85 5.67 0 0
-2.835 -2.84 5.68 0 0
-2.825 -2.83 5.69 1 9.22857e-08
-2.815 -2.82 5.7 0 0
-2.805 -2.81 5.71 1 9.22857e-08
-2.795 -2.8 5.72 0 0
-2.785 -2.79 5.73 0 0
-2.775 -2.78 5.74 0 0
-2.765 -2.77 5.75 1 9.22857e-08
-2.755 -2.76 5.76 0 0
-2.745 -2.75 5.77 1 9.22857e-08
-2.735 -2.74 5.78 0 0
-2.725 -2.73 5.79 0 0
-2.715 -2.72 5.8 0 0
-2.705 -2.71 5.81 1 9.22857e-08
-2.695 -2.7 5.82 0 0
-2.685 -2.69 5.83 2 1.84571e-07
-2.675 -2.68 5.84 0 0
-2.665 -2.67 5.85 3 2.76857e-07
-2.655 -2.66 5.86 1 9.22857e-08
-2.645 -2.65 5.87 1 9.22857e-08
-2.635 -2.64 5.88 1 9.22857e-08
-2.625 -2.63 5.89 1 9.22857e-08
-2.615 -2.62 5.9 3 2.76857e-07
-2.605 -2.61 5.91 1 9.22857e-08
-2.595 -2.6 5.92 0 0
-2.585 -2.59 5.93 2 1.84571e-07
-2.575 -2.58 5.94 0 0
-2.565 -2.57 5.95 1 9.22857e-08
-2.555 -2.56 5.96 2 1.84571e-07
-2.545 -2.55 5.97 1 9.22857e-08
-2.535 -2.54 5.98 0 0
-2.525 -2.53 5.99 1 9.22857e-08
-2.515 -2.52 6 1 9.22857e-08
-2.505 -2.51 6.01 2 1.84571e-07
-2.495 -2.5 6.02 0 0
-2.485 -2.49 6.03 0 0
-2.475 -2.48 6.04 1 9.22857e-08
-2.465 -2.47 6.05 1 9.22857e-08
-2.455 -2.46 6.06 0 0
-2.445 -2.45 6.07 2 1.84571e-07
-2.435 -2.44 6.08 2 1.84571e-07
-2.425 -2.43 6.09 1 9.22857e-08
-2.415 -2.42 6.1 3 2.76857e-07
-2.405 -2.41 6.11 1 9.22857e-08
-2.395 -2.4 6.12 1 9.22857e-08
-2.385 -2.39 6.13 0 0
-2.375 -2.38 6.14 0 0
-2.365 -2.37 6.15 0 0
-2.355 -2.36 6.16 1 9.22857e-08
-2.345 -2.35 6.17 2 1.84571e-07
-2.335 -2.34 6.18 2 1.84571e-07
-2.325 -2.33 6.19 3 2.76857e-07
-2.315 -2.32 6.2 2 1.84571e-07
-2.305 -2.31 6.21 3 2.76857e-07
-2.295 -2.3 6.22 3 2.76857e-07
-2.285 -2.29 6.23 2 1.84571e-07
-2.275 -2.28 6.24 4 3.69143e-07
-2.265 -2.27 6.25 2 1.84571e-07
-2.255 -2.26 6.26 0 0
-2.245 -2.25 6.27 0 0
-2.235 -2.24 6.28 2 1.84571e-07
-2.225 -2.23 6.29 3 2.76857e-07
-2.215 -2.22 6.3 1 9.22857e-08
-2.205 -2.21 6.31 3 2.76857e-07
-2.195 -2.2 6.32 3 2.76857e-07
-2.185 -2.19 6.33 2 1.84571e-07
-2.175 -2.18 6.34 1 9.22857e-08
-2.165 -2.17 6.35 3 2.76857e-07
-2.155 -2.16 6.36 2 1.84571e-07
-2.145 -2.15 6.37 1 9.22857e-08
-2.135 -2.14 6.38 4 3.69143e-07
-2.125 -2.13 6.39 6 5.53714e-07
-2.115 -2.12 6.4 2 1.84571e-07
-2.105 -2.11 6.41 1 9.22857e-08
-2.095 -2.1 6.42 3 2.76857e-07
-2.085 -2.09 6.43 3 2.76857e-07
-2.075 -2.08 6.44 4 3.69143e-07
-2.065 -2.07 6.45 5 4.61429e-07
-2.055 -2.06 6.46 3 2.76857e-07
-2.045 -2.05 6.47 1 9.22857e-08
-2.035 -2.04 6.48 3 2.76857e-07
-2.025 -2.03 6.49 1 9.22857e-08
-2.015 -2.02 6.5 3 2.76857e-07
-2.005 -2.01 6.51 2 1.84571e-07
-1.995 -2 6.52 2 1.84571e-07
-1.985 -1.99 6.53 2 1.84571e-07
-1.975 -1.98 6.54 1 9.22857e-08
-1.965 -1.97 6.55 5 4.61429e-07
-1.955 -1.96 6.56 1 9.22857e-08
-1.945 -1.95 6.57 3 2.76857e-07
-1.935 -1.94 6.58 3 2.76857e-07
-1.925 -1.93 6.59 3 2.76857e-07
-1.915 -1.92 6.6 3 2.76857e-07
-1.905 -1.91 6.61 2 1.84571e-07
-1.895 -1.9 6.62 4 3.69143e-07
-1.885 -1.89 6.63 2 1.84571e-07
-1.875 -1.88 6.64 3 2.76857e-07
-1.865 -1.87 6.65 4 3.69143e-07
-1.855 -1.86 6.66 5 4.61429e-07
-1.845 -1.85 6.67 2 1.84571e-07
-1.835 -1.84 6.68 3 2.76857e-07
-1.825 -1.83 6.69 5 4.61429e-07
-1.815 -1.82 6.7 4 3.69143e-07
-1.805 -1.81 6.71 5 4.61429e-07
-1.795 -1.8 6.72 6 5.53714e-07
-1.785 -1.79 6.73 10 9.22857e-07
-1.775 -1.78 6.74 3 2.76857e-07
-1.765 -1.77 6.75 4 3.69143e-07
-1.755 -1.76 6.76 5 4.61429e-07
-1.745 -1.75 6.77 7 6.46e-07
-1.735 -1.74 6.78 5 4.61429e-07
-1.725 -1.73 6.79 5 4.61429e-07
-1.715 -1.72 6.8 8 7.38286e-07
-1.705 -1.71 6.81 6 5.53714e-07
-1.695 -1.7 6.82 1 9.22857e-08
-1.685 -1.69 6.83 7 6.46e-07
-1.675 -1.68 6.84 2 1.84571e-07
-1.665 -1.67 6.85 5 4.61429e-07
-1.655 -1.66 6.86 9 8.30572e-07
-1.645 -1.65 6.87 2 1.84571e-07
-1.635 -1.64 6.88 8 7.38286e-07
-1.625 -1.63 6.89 4 3.69143e-07
-1.615 -1.62 6.9 13 1.19971e-06
-1.605 -1.61 6.91 13 1.19971e-06
-1.595 -1.6 6.92 11 1.01514e-06
-1.585 -1.59 6.93 6 5.53714e-07
-1.575 -1.58 6.94 6 5.53714e-07
-1.565 -1.57 6.95 16 1.47657e-06
-1.555 -1.56 6.96 9 8.30572e-07
-1.545 -1.55 6.97 8 7.38286e-07
-1.535 -1.54 6.98 7 6.46e-07
-1.525 -1.53 6.99 10 9.22857e-07
-1.515 -1.52 7 11 1.01514e-06
-1.505 -1.51 7.01 13 1.19971e-06
-1.495 -1.5 7.02 9 8.30572e-07
-1.485 -1.49 7.03 7 6.46e-07
-1.475 -1.48 7.04 12 1.10743e-06
-1.465 -1.47 7.05 11 1.01514e-06
-1.455 -1.46 7.06 9 8.30572e-07
-1.445 -1.45 7.07 13 1.19971e-06
-1.435 -1.44 7.08 5 4.61429e-07
-1.425 -1.43 7.09 12 1.10743e-06
-1.415 -1.42 7.1 11 1.01514e-06
-1.405 -1.41 7.11 13 1.19971e-06
-1.395 -1.4 7.12 9 8.30572e-07
-1.385 -1.39 7.13 14 1.292e-06
-1.375 -1.38 7.14 17 1.56886e-06
-1.365 -1.37 7.15 20 1.84571e-06
-1.355 -1.36 7.16 13 1.19971e-06
-1.345 -1.35 7.17 8 7.38286e-07
-1.335 -1.34 7.18 18 1.66114e-06
-1.325 -1.33 7.19 20 1.84571e-06
-1.315 -1.32 7.2 12 1.10743e-06
-1.305 -1.31 7.21 14 1.292e-06
-1.295 -1.3 7.22 19 1.75343e-06
-1.285 -1.29 7.23 17 1.56886e-06
-1.275 -1.28 7.24 22 2.03029e-06
-1.265 -1.27 7.25 22 2.03029e-06
-1.255 -1.26 7.26 19 1.75343e-06
-1.245 -1.25 7.27 25 2.30714e-06
-1.235 -1.24 7.28 18 1.66114e-06
-1.225 -1.23 7.29 26 2.39943e-06
-1.215 -1.22 7.3 22 2.03029e-06
-1.205 -1.21 7.31 31 2.86086e-06
-1.195 -1.2 7.32 21 1.938e-06
-1.185 -1.19 7.33 29 2.67629e-06
-1.175 -1.18 7.34 24 2.21486e-06
-1.165 -1.17 7.35 39 3.59914e-06
-1.155 -1.16 7.36 17 1.56886e-06
-1.145 -1.15 7.37 36 3.32229e-06
-1.135 -1.14 7.38 39 3.59914e-06
-1.125 -1.13 7.39 29 2.67629e-06
-1.115 -1.12 7.4 35 3.23e-06
-1.105 -1.11 7.41 37 3.41457e-06
-1.095 -1.1 7.42 36 3.32229e-06
-1.085 -1.09 7.43 44 4.06057e-06
-1.075 -1.08 7.44 51 4.70657e-06
-1.065 -1.07 7.45 26 2.39943e-06
-1.055 -1.06 7.46 37 3.41457e-06
-1.045 -1.05 7.47 43 3.96829e-06
-1.035 -1.04 7.48 45 4.15286e-06
-1.025 -1.03 7.49 63 5.814e-06
-1.015 -1.02 7.5 62 5.72172e-06
-1.005 -1.01 7.51 71 6.55229e-06
-0.995 -1 7.52 74 6.82914e-06
-0.985 -0.99 7.53 53 4.89114e-06
-0.975 -0.98 7.54 60 5.53714e-06
-0.965 -0.97 7.55 66 6.09086e-06
-0.955 -0.960001 7.56 77 7.106e-06
-0.945 -0.95 7.57 67 6.18314e-06
-0.935 -0.940001 7.58 72 6.64457e-06
-0.925 -0.93 7.59 83 7.65972e-06
-0.915 -0.920001 7.6 85 7.84429e-06
-0.905 -0.91 7.61 88 8.12114e-06
-0.895 -0.900001 7.62 85 7.84429e-06
-0.885 -0.89 7.63 103 9.50543e-06
-0.875 -0.880001 7.64 91 8.398e-06
-0.865 -0.87 7.65 98 9.044e-06
-0.855 -0.860001 7.66 107 9.87457e-06
-0.845 -0.85 7.67 113 1.04283e-05
-0.835 -0.840001 7.68 143 1.31969e-05
-0.825 -0.83 7.69 116 1.07051e-05
-0.815 -0.82 7.7 136 1.25509e-05
-0.805 -0.81 7.71 133 1.2274e-05
-0.795 -0.8 7.72 144 1.32891e-05
-0.785 -0.79 7.73 171 1.57809e-05
-0.775 -0.78 7.74 155 1.43043e-05
-0.765 -0.77 7.75 142 1.31046e-05
-0.755 -0.76 7.76 208 1.91954e-05
-0.745 -0.75 7.77 184 1.69806e-05
-0.735 -0.74 7.78 197 1.81803e-05
-0.725 -0.73 7.79 211 1.94723e-05
-0.715 -0.72 7.8 201 1.85494e-05
-0.705 -0.710001 7.81 216 1.99337e-05
-0.695 -0.7 7.82 226 2.08566e-05
-0.685 -0.690001 7.83 255 2.35329e-05
-0.675 -0.68 7.84 270 2.49171e-05
-0.665 -0.670001 7.85 305 2.81471e-05
-0.655 -0.66 7.86 342 3.15617e-05
-0.645 -0.650001 7.87 311 2.87009e-05
-0.635 -0.64 7.88 336 3.1008e-05
-0.625 -0.630001 7.89 386 3.56223e-05
-0.615 -0.62 7.9 403 3.71912e-05
-0.605 -0.610001 7.91 400 3.69143e-05
-0.595 -0.6 7.92 442 4.07903e-05
-0.585 -0.590001 7.93 477 4.40203e-05
-0.575 -0.58 7.94 516 4.76194e-05
-0.565 -0.57 7.95 535 4.93729e-05
-0.555 -0.56 7.96 621 5.73094e-05
-0.545 -0.55 7.97 637 5.8786e-05
-0.535 -0.54 7.98 676 6.23852e-05
-0.525 -0.53 7.99 688 6.34926e-05
-0.515 -0.52 8 743 6.85683e-05
-0.505 -0.51 8.01 814 7.51206e-05
-0.495 -0.5 8.02 853 7.87197e-05
-0.485 -0.490001 8.03 925 8.53643e-05
-0.475 -0.48 8.04 1039 9.58849e-05
-0.465 -0.47 8.05 1018 9.39469e-05
-0.455 -0.46 8.06 1139 0.000105113
-0.445 -0.450001 8.07 1205 0.000111204
-0.435 -0.440001 8.08 1354 0.000124955
-0.425 -0.43 8.09 1518 0.00014009
-0.415 -0.42 8.1 1654 0.000152641
-0.405 -0.410001 8.11 1743 0.000160854
-0.395 -0.400001 8.12 1934 0.000178481
-0.385 -0.39 8.13 2087 0.0001926
-0.375 -0.38 8.14 2214 0.000204321
-0.365 -0.370001 8.15 2419 0.000223239
-0.355 -0.360001 8.16 2881 0.000265875
-0.345 -0.35 8.17 3027 0.000279349
-0.335 -0.34 8.18 3437 0.000317186
-0.325 -0.330001 8.19 3712 0.000342565
-0.315 -0.320001 8.2 4230 0.000390369
-0.305 -0.31 8.21 4737 0.000437158
-0.295 -0.3 8.22 5320 0.00049096
-0.285 -0.29 8.23 5840 0.000538949
-0.275 -0.280001 8.24 6487 0.000598658
-0.265 -0.27 8.25 7578 0.000699341
-0.255 -0.26 8.26 8459 0.000780645
-0.245 -0.25 8.27 9830 0.000907169
-0.235 -0.240001 8.28 11645 0.00107467
-0.225 -0.23 8.29 13329 0.00123008
-0.215 -0.22 8.3 15417 0.00142277
-0.205 -0.21 8.31 18280 0.00168698
-0.195 -0.200001 8.32 21398 0.00197473
-0.185 -0.190001 8.33 25183 0.00232403
-0.175 -0.18 8.34 30410 0.00280641
-0.165 -0.17 8.35 36383 0.00335763
-0.155 -0.160001 8.36 44256 0.0040842
-0.145 -0.150001 8.37 54168 0.00499893
-0.135 -0.14 8.38 66262 0.00611504
-0.125 -0.13 8.39 82590 0.00762188
-0.115 -0.120001 8.4 102741 0.00948153
-0.105 -0.110001 8.41 127753 0.0117898
-0.0950004 -0.1 8.42 162232 0.0149717
-0.0850004 -0.0900002 8.43 205913 0.0190028
-0.0750004 -0.0800009 8.44 263314 0.0243001
-0.0650004 -0.0700006 8.45 335644 0.0309752
-0.0550004 -0.0600004 8.46 422911 0.0390287
-0.0450004 -0.0500002 8.47 533524 0.0492367
-0.0350004 -0.04 8.48 662685 0.0611564
-0.0250004 -0.0300007 8.49 804922 0.0742828
-0.0150004 -0.0200005 8.5 951872 0.0878442
-0.00500042 -0.0100002 8.51 1055424 0.0974006
0.00499958 0 8.52 944975 0.0872077
0.0149996 0.00999928 8.53 704227 0.0649901
0.0249996 0.0199995 8.54 518979 0.0478944
0.0349996 0.0299997 8.55 396413 0.0365833
0.0449996 0.04 8.56 308479 0.0284682
0.0549996 0.0499992 8.57 243978 0.0225157
0.0649996 0.0599995 8.58 198695 0.0183367
0.0749996 0.0699997 8.59 163263 0.0150668
0.0849996 0.0799999 8.6 137394 0.0126795
0.0949996 0.0899992 8.61 115916 0.0106974
0.105 0.0999994 8.62 99229 0.00915742
0.115 0.11 8.63 86718 0.00800283
0.125 0.12 8.64 74481 0.00687353
0.135 0.129999 8.65 65624 0.00605616
0.145 0.139999 8.66 57861 0.00533974
0.155 0.15 8.67 51632 0.0047649
0.165 0.16 8.68 46386 0.00428077
0.175 0.169999 8.69 41770 0.00385478
0.185 0.179999 8.7 37724 0.00348139
0.195 0.19 8.71 34047 0.00314205
0.205 0.2 8.72 30934 0.00285477
0.215 0.21 8.73 28095 0.00259277
0.225 0.219999 8.74 25639 0.00236611
0.235 0.23 8.75 23540 0.00217241
0.245 0.24 8.76 21596 0.001993
0.255 0.25 8.77 19615 0.00181018
0.265 0.259999 8.78 18043 0.00166511
0.275 0.27 8.79 16500 0.00152271
0.285 0.28 8.8 14827 0.00136832
0.295 0.29 8.81 13761 0.00126994
0.305 0.299999 8.82 12874 0.00118809
0.315 0.309999 8.83 11592 0.00106978
0.325 0.32 8.84 10407 0.000960418
0.335 0.33 8.85 9671 0.000892495
0.345 0.339999 8.86 8616 0.000795134
0.355 0.349999 8.87 7945 0.00073321
0.365 0.36 8.88 7359 0.000679131
0.375 0.37 8.89 6526 0.000602257
0.385 0.379999 8.9 6046 0.00055796
0.395 0.389999 8.91 5294 0.000488561
0.405 0.4 8.92 4944 0.000456261
0.415 0.41 8.93 4512 0.000416393
0.425 0.419999 8.94 4012 0.00037025
0.435 0.429999 8.95 3792 0.000349948
0.445 0.44 8.96 3415 0.000315156
0.455 0.45 8.97 2993 0.000276211
0.465 0.46 8.98 2830 0.000261169
0.475 0.469999 8.99 2628 0.000242527
0.485 0.48 9 2270 0.000209489
0.495 0.49 9.01 2072 0.000191216
0.505 0.5 9.02 1872 0.000172759
0.515 0.509999 9.03 1742 0.000160762
0.525 0.52 9.04 1580 0.000145811
0.535 0.53 9.05 1424 0.000131415
0.545 0.54 9.06 1331 0.000122832
0.555 0.549999 9.07 1209 0.000111573
0.565 0.559999 9.08 1118 0.000103175
0.575 0.57 9.09 993 9.16397e-05
0.585 0.58 9.1 907 8.37032e-05
0.595 0.589999 9.11 892 8.23189e-05
0.605 0.599999 9.12 838 7.73354e-05
0.615 0.61 9.13 739 6.81992e-05
0.625 0.62 9.14 643 5.93397e-05
0.635 0.629999 9.15 633 5.84169e-05
0.645 0.639999 9.16 564 5.20492e-05
0.655 0.65 9.17 527 4.86346e-05
0.665 0.66 9.18 500 4.61429e-05
0.675 0.669999 9.19 434 4.0052e-05
0.685 0.679999 9.2 437 4.03289e-05
0.695 0.69 9.21 395 3.64529e-05
0.705 0.7 9.22 367 3.38689e-05
0.715 0.71 9.23 305 2.81471e-05
0.725 0.719999 9.24 311 2.87009e-05
0.735 0.73 9.25 271 2.50094e-05
0.745 0.74 9.26 254 2.34406e-05
0.755 0.75 9.27 267 2.46403e-05
0.765 0.759999 9.28 229 2.11334e-05
0.775 0.77 9.29 238 2.1964e-05
0.785 0.78 9.3 220 2.03029e-05
0.795 0.79 9.31 217 2.0026e-05
0.805 0.799999 9.32 202 1.86417e-05
0.815 0.809999 9.33 185 1.70729e-05
0.825 0.82 9.34 177 1.63346e-05
0.835 0.83 9.35 147 1.3566e-05
0.845 0.839999 9.36 152 1.40274e-05
0.855 0.849999 9.37 159 1.46734e-05
0.865 0.86 9.38 151 1.39351e-05
0.875 0.87 9.39 123 1.13511e-05
0.885 0.879999 9.4 127 1.17203e-05
0.895 0.889999 9.41 120 1.10743e-05
0.905 0.9 9.42 102 9.41314e-06
0.915 0.91 9.43 114 1.05206e-05
0.925 0.919999 9.44 93 8.58257e-06
0.935 0.929999 9.45 89 8.21343e-06
0.945 0.94 9.46 81 7.47514e-06
0.955 0.95 9.47 81 7.47514e-06
0.965 0.959999 9.48 91 8.398e-06
0.975 0.969999 9.49 55 5.07572e-06
0.985 0.98 9.5 88 8.12114e-06
0.995 0.99 9.51 74 6.82914e-06
1.005 1 9.52 61 5.62943e-06
1.015 1.01 9.53 60 5.53714e-06
1.025 1.02 9.54 61 5.62943e-06
1.035 1.03 9.55 64 5.90629e-06
1.045 1.04 9.56 57 5.26029e-06
1.055 1.05 9.57 51 4.70657e-06
1.065 1.06 9.58 52 4.79886e-06
1.075 1.07 9.59 47 4.33743e-06
1.085 1.08 9.6 51 4.70657e-06
1.095 1.09 9.61 47 4.33743e-06
1.105 1.1 9.62 36 3.32229e-06
1.115 1.11 9.63 60 5.53714e-06
1.125 1.12 9.64 45 4.15286e-06
1.135 1.13 9.65 37 3.41457e-06
1.145 1.14 9.66 42 3.876e-06
1.155 1.15 9.67 30 2.76857e-06
1.165 1.16 9.68 37 3.41457e-06
1.175 1.17 9.69 39 3.59914e-06
1.185 1.18 9.7 38 3.50686e-06
1.195 1.19 9.71 32 2.95314e-06
1.205 1.2 9.72 37 3.41457e-06
1.215 1.21 9.73 30 2.76857e-06
1.225 1.22 9.74 32 2.95314e-06
1.235 1.23 9.75 26 2.39943e-06
1.245 1.24 9.76 22 2.03029e-06
1.255 1.25 9.77 31 2.86086e-06
1.265 1.26 9.78 25 2.30714e-06
1.275 1.27 9.79 30 2.76857e-06
1.285 1.28 9.8 21 1.938e-06
1.295 1.29 9.81 25 2.30714e-06
1.305 1.3 9.82 34 3.13771e-06
1.315 1.31 9.83 29 2.67629e-06
1.325 1.32 9.84 26 2.39943e-06
1.335 1.33 9.85 17 1.56886e-06
1.345 1.34 9.86 20 1.84571e-06
1.355 1.35 9.87 27 2.49171e-06
1.365 1.36 9.88 9 8.30572e-07
1.375 1.37 9.89 15 1.38429e-06
1.385 1.38 9.9 20 1.84571e-06
1.395 1.39 9.91 17 1.56886e-06
1.405 1.4 9.92 13 1.19971e-06
1.415 1.41 9.93 23 2.12257e-06
1.425 1.42 9.94 19 1.75343e-06
1.435 1.43 9.95 9 8.30572e-07
1.445 1.44 9.96 15 1.38429e-06
1.455 1.45 9.97 6 5.53714e-07
1.465 1.46 9.98 8 7.38286e-07
1.475 1.47 9.99 13 1.19971e-06
1.485 1.48 10 12 1.10743e-06
1.495 1.49 10.01 17 1.56886e-06
1.505 1.5 10.02 16 1.47657e-06
1.515 1.51 10.03 12 1.10743e-06
1.525 1.52 10.04 15 1.38429e-06
1.535 1.53 10.05 8 7.38286e-07
1.545 1.54 10.06 10 9.22857e-07
1.555 1.55 10.07 10 9.22857e-07
1.565 1.56 10.08 13 1.19971e-06
1.575 1.57 10.09 11 1.01514e-06
1.585 1.58 10.1 10 9.22857e-07
1.595 1.59 10.11 7 6.46e-07
1.605 1.6 10.12 8 7.38286e-07
1.615 1.61 10.13 9 8.30572e-07
1.625 1.62 10.14 15 1.38429e-06
1.635 1.63 10.15 10 9.22857e-07
1.645 1.64 10.16 12 1.10743e-06
1.655 1.65 10.17 7 6.46e-07
1.665 1.66 10.18 12 1.10743e-06
1.675 1.67 10.19 8 7.38286e-07
1.685 1.68 10.2 16 1.47657e-06
1.695 1.69 10.21 10 9.22857e-07
1.705 1.7 10.22 10 9.22857e-07
1.715 1.71 10.23 12 1.10743e-06
1.725 1.72 10.24 8 7.38286e-07
1.735 1.73 10.25 7 6.46e-07
1.745 1.74 10.26 8 7.38286e-07
1.755 1.75 10.27 5 4.61429e-07
1.765 1.76 10.28 3 2.76857e-07
1.775 1.77 10.29 7 6.46e-07
1.785 1.78 10.3 9 8.30572e-07
1.795 1.79 10.31 4 3.69143e-07
1.805 1.8 10.32 10 9.22857e-07
1.815 1.81 10.33 11 1.01514e-06
1.825 1.82 10.34 4 3.69143e-07
1.835 1.83 10.35 7 6.46e-07
1.845 1.84 10.36 6 5.53714e-07
1.855 1.85 10.37 7 6.46e-07
1.865 1.86 10.38 5 4.61429e-07
1.875 1.87 10.39 4 3.69143e-07
1.885 1.88 10.4 8 7.38286e-07
1.895 1.89 10.41 7 6.46e-07
1.905 1.9 10.42 4 3.69143e-07
1.915 1.91 10.43 4 3.69143e-07
1.925 1.92 10.44 6 5.53714e-07
1.935 1.93 10.45 5 4.61429e-07
1.945 1.94 10.46 2 1.84571e-07
1.955 1.95 10.47 4 3.69143e-07
1.965 1.96 10.48 2 1.84571e-07
1.975 1.97 10.49 5 4.61429e-07
1.985 1.98 10.5 3 2.76857e-07
1.995 1.99 10.51 5 4.61429e-07
2.005 2 10.52 3 2.76857e-07
2.015 2.01 10.53 6 5.53714e-07
2.025 2.02 10.54 2 1.84571e-07
2.035 2.03 10.55 4 3.69143e-07
2.045 2.04 10.56 3 2.76857e-07
2.055 2.05 10.57 6 5.53714e-07
2.065 2.06 10.58 3 2.76857e-07
2.075 2.07 10.59 4 3.69143e-07
2.085 2.08 10.6 8 7.38286e-07
2.095 2.09 10.61 2 1.84571e-07
2.105 2.1 10.62 10 9.22857e-07
2.115 2.11 10.63 4 3.69143e-07
2.125 2.12 10.64 2 1.84571e-07
2.135 2.13 10.65 5 4.61429e-07
2.145 2.14 10.66 5 4.61429e-07
2.155 2.15 10.67 5 4.61429e-07
2.165 2.16 10.68 4 3.69143e-07
2.175 2.17 10.69 4 3.69143e-07
2.185 2.18 10.7 3 2.76857e-07
2.195 2.19 10.71 5 4.61429e-07
2.205 2.2 10.72 2 1.84571e-07
2.215 2.21 10.73 1 9.22857e-08
2.225 2.22 10.74 2 1.84571e-07
2.235 2.23 10.75 2 1.84571e-07
2.245 2.24 10.76 4 3.69143e-07
2.255 2.25 10.77 1 9.22857e-08
2.265 2.26 10.78 2 1.84571e-07
2.275 2.27 10.79 4 3.69143e-07
2.285 2.28 10.8 3 2.76857e-07
2.295 2.29 10.81 1 9.22857e-08
2.305 2.3 10.82 1 9.22857e-08
2.315 2.31 10.83 4 3.69143e-07
2.325 2.32 10.84 2 1.84571e-07
2.335 2.33 10.85 1 9.22857e-08
2.345 2.34 10.86 4 3.69143e-07
2.355 2.35 10.87 2 1.84571e-07
2.365 2.36 10.88 1 9.22857e-08
2.375 2.37 10.89 3 2.76857e-07
2.385 2.38 10.9 1 9.22857e-08
2.395 2.39 10.91 4 3.69143e-07
2.405 2.4 10.92 0 0
2.415 2.41 10.93 1 9.22857e-08
2.425 2.42 10.94 3 2.76857e-07
2.435 2.43 10.95 2 1.84571e-07
2.445 2.44 10.96 0 0
2.455 2.45 10.97 2 1.84571e-07
2.465 2.46 10.98 3 2.76857e-07
2.475 2.47 10.99 3 2.76857e-07
2.485 2.48 11 2 1.84571e-07
2.495 2.49 11.01 2 1.84571e-07
2.505 2.5 11.02 1 9.22857e-08
2.515 2.51 11.03 2 1.84571e-07
2.525 2.52 11.04 1 9.22857e-08
2.535 2.53 11.05 0 0
2.545 2.54 11.06 1 9.22857e-08
2.555 2.55 11.07 1 9.22857e-08
2.565 2.56 11.08 2 1.84571e-07
2.575 2.57 11.09 1 9.22857e-08
2.585 2.58 11.1 1 9.22857e-08
2.595 2.59 11.11 2 1.84571e-07
2.605 2.6 11.12 1 9.22857e-08
2.615 2.61 11.13 2 1.84571e-07
2.625 2.62 11.14 0 0
2.635 2.63 11.15 2 1.84571e-07
2.645 2.64 11.16 2 1.84571e-07
2.655 2.65 11.17 3 2.76857e-07
2.665 2.66 11.18 1 9.22857e-08
2.675 2.67 11.19 1 9.22857e-08
2.685 2.68 11.2 2 1.84571e-07
2.695 2.69 11.21 2 1.84571e-07
2.705 2.7 11.22 3 2.76857e-07
2.715 2.71 11.23 0 0
2.725 2.72 11.24 1 9.22857e-08
2.735 2.73 11.25 1 9.22857e-08
2.745 2.74 11.26 0 0
2.755 2.75 11.27 1 9.22857e-08
2.765 2.76 11.28 0 0
2.775 2.77 11.29 2 1.84571e-07
2.785 2.78 11.3 0 0
2.795 2.79 11.31 1 9.22857e-08
2.805 2.8 11.32 0 0
2.815 2.81 11.33 0 0
2.825 2.82 11.34 2 1.84571e-07
2.835 2.83 11.35 2 1.84571e-07
2.845 2.84 11.36 1 9.22857e-08
2.855 2.85 11.37 3 2.76857e-07
2.865 2.86 11.38 1 9.22857e-08
2.875 2.87 11.39 2 1.84571e-07
2.885 2.88 11.4 0 0
2.895 2.89 11.41 1 9.22857e-08
2.905 2.9 11.42 0 0
2.915 2.91 11.43 1 9.22857e-08
2.925 2.92 11.44 0 0
2.935 2.93 11.45 0 0
2.945 2.94 11.46 0 0
2.955 2.95 11.47 1 9.22857e-08
2.965 2.96 11.48 0 0
2.975 2.97 11.49 0 0
2.985 2.98 11.5 1 9.22857e-08
2.995 2.99 11.51 1 9.22857e-08
3.005 3 11.52 1 9.22857e-08
3.015 3.01 11.53 1 9.22857e-08
3.025 3.02 11.54 0 0
3.035 3.03 11.55 0 0
3.045 3.04 11.56 1 9.22857e-08
3.055 3.05 11.57 1 9.22857e-08
3.065 3.06 11.58 0 0
3.075 3.07 11.59 0 0
3.085 3.08 11.6 0 0
3.095 3.09 11.61 0 0
3.105 3.1 11.62 1 9.22857e-08
3.115 3.11 11.63 0 0
3.125 3.12 11.64 0 0
3.135 3.13 11.65 2 1.84571e-07
3.145 3.14 11.66 1 9.22857e-08
3.155 3.15 11.67 0 0
3.165 3.16 11.68 2 1.84571e-07
3.175 3.17 11.69 0 0
3.185 3.18 11.7 1 9.22857e-08
3.195 3.19 11.71 2 1.84571e-07
3.205 3.2 11.72 0 0
3.215 3.21 11.73 0 0
3.225 3.22 11.74 0 0
3.235 3.23 11.75 2 1.84571e-07
3.245 3.24 11.76 2 1.84571e-07
3.255 3.25 11.77 1 9.22857e-08
3.265 3.26 11.78 0 0
3.275 3.27 11.79 1 9.22857e-08
3.285 3.28 11.8 3 2.76857e-07
3.295 3.29 11.81 0 0
3.305 3.3 11.82 0 0
3.315 3.31 11.83 0 0
3.325 3.32 11.84 0 0
3.335 3.33 11.85 1 9.22857e-08
3.345 3.34 11.86 0 0
3.355 3.35 11.87 0 0
3.365 3.36 11.88 0 0
3.375 3.37 11.89 0 0
3.385 3.38 11.9 1 9.22857e-08
3.395 3.39 11.91 0 0
3.405 3.4 11.92 0 0
3.415 3.41 11.93 0 0
3.425 3.42 11.94 1 9.22857e-08
3.435 3.43 11.95 0 0
3.445 3.44 11.96 0 0
3.455 3.45 11.97 0 0
3.465 3.46 11.98 1 9.22857e-08
3.475 3.47 11.99 1 9.22857e-08
3.485 3.48 12 0 0
3.495 3.49 12.01 1 9.22857e-08
3.505 3.5 12.02 0 0
3.515 3.51 12.03 0 0
3.525 3.52 12.04 0 0
3.535 3.53 12.05 0 0
3.545 3.54 12.06 1 9.22857e-08
3.555 3.55 12.07 0 0
3.565 3.56 12.08 0 0
3.575 3.57 12.09 1 9.22857e-08
3.585 3.58 12.1 0 0
3.595 3.59 12.11 0 0
3.605 3.6 12.12 0 0
3.615 3.61 12.13 0 0
3.625 3.62 12.14 1 9.22857e-08
3.635 3.63 12.15 0 0
3.645 3.64 12.16 0 0
3.655 3.65 12.17 1 9.22857e-08
3.665 3.66 12.18 0 0
3.675 3.67 12.19 0 0
3.685 3.68 12.2 0 0
3.695 3.69 12.21 0 0
3.705 3.7 12.22 0 0
3.715 3.71 12.23 0 0
3.725 3.72 12.24 2 1.84571e-07
3.735 3.73 12.25 0 0
3.745 3.74 12.26 0 0
3.755 3.75 12.27 0 0
3.765 3.76 12.28 0 0
3.775 3.77 12.29 0 0
3.785 3.78 12.3 0 0
3.795 3.79 12.31 1 9.22857e-08
3.805 3.8 12.32 0 0
3.815 3.81 12.33 0 0
3.825 3.82 12.34 0 0
3.835 3.83 12.35 1 9.22857e-08
3.845 3.84 12.36 0 0
3.855 3.85 12.37 0 0
3.865 3.86 12.38 0 0
3.875 3.87 12.39 0 0
3.885 3.88 12.4 0 0
3.895 3.89 12.41 0 0
3.905 3.9 12.42 0 0
3.915 3.91 12.43 0 0
3.925 3.92 12.44 0 0
3.935 3.93 12.45 0 0
3.945 3.94 12.46 0 0
3.955 3.95 12.47 0 0
3.965 3.96 12.48 0 0
3.975 3.97 12.49 1 9.22857e-08
3.985 3.98 12.5 0 0
3.995 3.99 12.51 0 0
4.005 4 12.52 0 0
4.015 4.01 12.53 0 0
4.025 4.02 12.54 0 0
4.035 4.03 12.55 0 0
4.045 4.04 12.56 0 0
4.055 4.05 12.57 0 0
4.065 4.06 12.58 0 0
4.075 4.07 12.59 0 0
4.085 4.08 12.6 1 9.22857e-08
4.095 4.09 12.61 0 0
4.105 4.1 12.62 0 0
4.115 4.11 12.63 0 0
4.125 4.12 12.64 0 0
4.135 4.13 12.65 0 0
4.145 4.14 12.66 0 0
4.155 4.15 12.67 1 9.22857e-08
4.165 4.16 12.68 0 0
4.175 4.17 12.69 0 0
4.185 4.18 12.7 0 0
4.195 4.19 12.71 1 9.22857e-08
4.205 4.2 12.72 0 0
4.215 4.21 12.73 0 0
4.225 4.22 12.74 0 0
4.235 4.23 12.75 0 0
4.245 4.24 12.76 1 9.22857e-08
4.255 4.25 12.77 0 0
4.265 4.26 12.78 0 0
4.275 4.27 12.79 0 0
4.285 4.28 12.8 0 0
4.295 4.29 12.81 0 0
4.305 4.3 12.82 0 0
4.315 4.31 12.83 0 0
4.325 4.32 12.84 0 0
4.335 4.33 12.85 0 0
4.345 4.34 12.86 0 0
4.355 4.35 12.87 0 0
4.365 4.36 12.88 0 0
4.375 4.37 12.89 0 0
4.385 4.38 12.9 0 0
4.395 4.39 12.91 1 9.22857e-08
4.405 4.4 12.92 0 0
4.415 4.41 12.93 0 0
4.425 4.42 12.94 0 0
4.435 4.43 12.95 0 0
4.445 4.44 12.96 0 0
4.455 4.45 12.97 0 0
4.465 4.46 12.98 1 9.22857e-08
4.475 4.47 12.99 0 0
4.485 4.48 13 0 0
4.495 4.49 13.01 0 0
4.505 4.5 13.02 0 0
4.515 4.51 13.03 0 0
4.525 4.52 13.04 0 0
4.535 4.53 13.05 0 0
4.545 4.54 13.06 0 0
4.555 4.55 13.07 0 0
4.565 4.56 13.08 0 0
4.575 4.57 13.09 0 0
4.585 4.58 13.1 0 0
4.595 4.59 13.11 0 0
4.605 4.6 13.12 0 0
4.615 4.61 13.13 0 0
4.625 4.62 13.14 0 0
4.635 4.63 13.15 0 0
4.645 4.64 13.16 0 0
4.655 4.65 13.17 0 0
4.665 4.66 13.18 0 0
4.675 4.67 13.19 0 0
4.685 4.68 13.2 1 9.22857e-08
4.695 4.69 13.21 0 0
4.705 4.7 13.22 0 0
4.715 4.71 13.23 1 9.22857e-08
4.725 4.72 13.24 0 0
4.735 4.73 13.25 0 0
4.745 4.74 13.26 0 0
4.755 4.75 13.27 0 0
4.765 4.76 13.28 0 0
4.775 4.77 13.29 0 0
4.785 4.78 13.3 0 0
4.795 4.79 13.31 0 0
4.805 4.8 13.32 0 0
4.815 4.81 13.33 0 0
4.825 4.82 13.34 0 0
4.835 4.83 13.35 0 0
4.845 4.84 13.36 0 0
4.855 4.85 13.37 0 0
4.865 4.86 13.38 0 0
4.875 4.87 13.39 0 0
4.885 4.88 13.4 0 0
4.895 4.89 13.41 0 0
4.905 4.9 13.42 1 9.22857e-08
4.915 4.91 13.43 0 0
4.925 4.92 13.44 1 9.22857e-08
4.935 4.93 13.45 0 0
4.945 4.94 13.46 0 0
4.955 4.95 13.47 0 0
4.965 4.96 13.48 0 0
4.975 4.97 13.49 0 0
4.985 4.98 13.5 0 0
4.995 4.99 13.51 0 0
5.005 5 13.52 0 0
5.015 5.01 13.53 0 0
5.025 5.02 13.54 0 0
5.035 5.03 13.55 0 0
5.045 5.04 13.56 0 0
5.055 5.05 13.57 0 0
5.065 5.06 13.58 0 0
5.075 5.07 13.59 0 0
5.085 5.08 13.6 0 0
5.095 5.09 13.61 0 0
5.105 5.1 13.62 0 0
5.115 5.11 13.63 0 0
5.125 5.12 13.64 1 9.22857e-08
5.135 5.13 13.65 0 0
5.145 5.14 13.66 0 0
5.155 5.15 13.67 0 0
5.165 5.16 13.68 0 0
5.175 5.17 13.69 0 0
5.185 5.18 13.7 0 0
5.195 5.19 13.71 0 0
5.205 5.2 13.72 0 0
5.215 5.21 13.73 0 0
5.225 5.22 13.74 0 0
5.235 5.23 13.75 0 0
5.245 5.24 13.76 0 0
5.255 5.25 13.77 1 9.22857e-08
5.265 5.26 13.78 0 0
5.275 5.27 13.79 0 0
5.285 5.28 13.8 0 0
5.295 5.29 13.81 0 0
5.305 5.3 13.82 0 0
5.315 5.31 13.83 0 0
5.325 5.32 13.84 0 0
5.335 5.33 13.85 0 0
5.345 5.34 13.86 0 0
5.355 5.35 13.87 0 0
5.365 5.36 13.88 0 0
5.375 5.37 13.89 0 0
5.385 5.38 13.9 0 0
5.395 5.39 13.91 0 0
5.405 5.4 13.92 0 0
5.415 5.41 13.93 0 0
5.425 5.42 13.94 0 0
5.435 5.43 13.95 0 0
5.445 5.44 13.96 0 0
5.455 5.45 13.97 0 0
5.465 5.46 13.98 0 0
5.475 5.47 13.99 0 0
5.485 5.48 14 0 0
5.495 5.49 14.01 0 0
5.505 5.5 14.02 0 0
5.515 5.51 14.03 0 0
5.525 5.52 14.04 0 0
5.535 5.53 14.05 0 0
5.545 5.54 14.06 0 0
5.555 5.55 14.07 0 0
5.565 5.56 14.08 0 0
5.575 5.57 14.09 0 0
5.585 5.58 14.1 0 0
5.595 5.59 14.11 0 0
5.605 5.6 14.12 0 0
5.615 5.61 14.13 0 0
5.625 5.62 14.14 0 0
5.635 5.63 14.15 0 0
5.645 5.64 14.16 0 0
5.655 5.65 14.17 0 0
5.665 5.66 14.18 0 0
5.675 5.67 14.19 0 0
5.685 5.68 14.2 0 0
5.695 5.69 14.21 0 0
5.705 5.7 14.22 0 0
5.715 5.71 14.23 0 0
5.725 5.72 14.24 0 0
5.735 5.73 14.25 1 9.22857e-08
5.745 5.74 14.26 0 0
5.755 5.75 14.27 1 9.22857e-08
5.765 5.76 14.28 0 0
5.775 5.77 14.29 0 0
5.785 5.78 14.3 0 0
5.795 5.79 14.31 0 0
5.805 5.8 14.32 0 0
5.815 5.81 14.33 0 0
5.825 5.82 14.34 0 0
5.835 5.83 14.35 0 0
5.845 5.84 14.36 0 0
5.855 5.85 14.37 0 0
5.865 5.86 14.38 0 0
5.875 5.87 14.39 0 0
5.885 5.88 14.4 0 0
5.895 5.89 14.41 0 0
5.905 5.9 14.42 0 0
5.915 5.91 14.43 0 0
5.925 5.92 14.44 0 0
5.935 5.93 14.45 0 0
5.945 5.94 14.46 0 0
5.955 5.95 14.47 0 0
5.965 5.96 14.48 0 0
5.975 5.97 14.49 0 0
5.985 5.98 14.5 0 0
5.995 5.99 14.51 0 0
6.005 6 14.52 0 0
6.015 6.01 14.53 0 0
6.025 6.02 14.54 0 0
6.035 6.03 14.55 0 0
6.045 6.04 14.56 0 0
6.055 6.05 14.57 0 0
6.065 6.06 14.58 0 0
6.075 6.07 14.59 0 0
6.085 6.08 14.6 0 0
6.095 6.09 14.61 0 0
6.105 6.1 14.62 0 0
6.115 6.11 14.63 0 0
6.125 6.12 14.64 0 0
6.135 6.13 14.65 0 0
6.145 6.14 14.66 0 0
6.155 6.15 14.67 0 0
6.165 6.16 14.68 0 0
6.175 6.17 14.69 0 0
6.185 6.18 14.7 0 0
6.195 6.19 14.71 0 0
6.205 6.2 14.72 0 0
6.215 6.21 14.73 0 0
6.225 6.22 14.74 0 0
6.235 6.23 14.75 0 0
6.245 6.24 14.76 0 0
6.255 6.25 14.77 0 0
6.265 6.26 14.78 0 0
6.275 6.27 14.79 0 0
6.285 6.28 14.8 0 0
6.295 6.29 14.81 0 0
6.305 6.3 14.82 0 0
6.315 6.31 14.83 0 0
6.325 6.32 14.84 0 0
6.335 6.33 14.85 0 0
6.345 6.34 14.86 0 0
6.355 6.35 14.87 0 0
6.365 6.36 14.88 0 0
6.375 6.37 14.89 0 0
6.385 6.38 14.9 0 0
6.395 6.39 14.91 0 0
6.405 6.4 14.92 0 0
6.415 6.41 14.93 0 0
6.425 6.42 14.94 0 0
6.435 6.43 14.95 0 0
6.445 6.44 14.96 0 0
6.455 6.45 14.97 0 0
6.465 6.46 14.98 0 0
6.475 6.47 14.99 0 0
6.485 6.48 15 0 0
6.495 6.49 15.01 0 0
6.505 6.5 15.02 0 0
6.515 6.51 15.03 1 9.22857e-08
6.525 6.52 15.04 0 0
6.535 6.53 15.05 0 0
6.545 6.54 15.06 0 0
6.555 6.55 15.07 0 0
6.565 6.56 15.08 0 0
6.575 6.57 15.09 0 0
6.585 6.58 15.1 0 0
6.595 6.59 15.11 0 0
6.605 6.6 15.12 0 0
6.615 6.61 15.13 0 0
6.625 6.62 15.14 0 0
6.635 6.63 15.15 0 0
6.645 6.64 15.16 0 0
6.655 6.65 15.17 0 0
6.665 6.66 15.18 0 0
6.675 6.67 15.19 0 0
6.685 6.68 15.2 0 0
6.695 6.69 15.21 0 0
6.705 6.7 15.22 0 0
6.715 6.71 15.23 0 0
6.725 6.72 15.24 0 0
6.735 6.73 15.25 0 0
6.745 6.74 15.26 0 0
6.755 6.75 15.27 0 0
6.765 6.76 15.28 0 0
6.775 6.77 15.29 0 0
6.785 6.78 15.3 0 0
6.795 6.79 15.31 0 0
6.805 6.8 15.32 0 0
6.815 6.81 15.33 0 0
6.825 6.82 15.34 0 0
6.835 6.83 15.35 0 0
6.845 6.84 15.36 0 0
6.855 6.85 15.37 0 0
6.865 6.86 15.38 0 0
6.875 6.87 15.39 0 0
6.885 6.88 15.4 1 9.22857e-08
6.895 6.89 15.41 0 0
6.905 6.9 15.42 0 0
6.915 6.91 15.43 0 0
6.925 6.92 15.44 0 0
6.935 6.93 15.45 0 0
6.945 6.94 15.46 0 0
6.955 6.95 15.47 0 0
6.965 6.96 15.48 0 0
6.975 6.97 15.49 0 0
6.985 6.98 15.5 0 0
6.995 6.99 15.51 0 0
7.005 7 15.52 0 0
7.015 7.01 15.53 0 0
7.025 7.02 15.54 0 0
7.035 7.03 15.55 0 0
7.045 7.04 15.56 0 0
7.055 7.05 15.57 0 0
7.065 7.06 15.58 0 0
7.075 7.07 15.59 1 9.22857e-08
7.085 7.08 15.6 0 0
7.095 7.09 15.61 0 0
