Midpoint LowerLim UpperLim Count ProbabilityDensity
35 30 10 0 0
45 40 20 28 0.00721464
55 50 30 354 0.0912136
65 60 40 155 0.0399382
75 70 50 586 0.150992
85 80 60 169 0.0435455
95 90 70 327 0.0842566
105 100 80 263 0.067766
115 110 90 128 0.0329812
125 120 100 201 0.0517908
135 130 110 204 0.0525638
145 140 120 83 0.0213862
155 150 130 129 0.0332389
165 160 140 101 0.0260242
175 170 150 86 0.0221592
185 180 160 84 0.0216439
195 190 170 90 0.0231899
205 200 180 68 0.0175213
215 210 190 90 0.0231899
225 220 200 64 0.0164906
235 230 210 47 0.0121103
245 240 220 62 0.0159753
255 250 230 34 0.00876063
265 260 240 47 0.0121103
275 270 250 34 0.00876063
285 280 260 32 0.0082453
295 290 270 42 0.010822
305 300 280 45 0.0115949
315 310 290 20 0.00515331
325 320 300 24 0.00618397
335 330 310 24 0.00618397
345 340 320 22 0.00566864
355 350 330 21 0.00541098
365 360 340 18 0.00463798
375 370 350 15 0.00386498
385 380 360 18 0.00463798
395 390 370 10 0.00257666
405 400 380 19 0.00489565
415 410 390 12 0.00309199
425 420 400 13 0.00334965
435 430 410 12 0.00309199
445 440 420 10 0.00257666
455 450 430 6 0.00154599
465 460 440 5 0.00128833
475 470 450 5 0.00128833
485 480 460 3 0.000772997
495 490 470 6 0.00154599
505 500 480 3 0.000772997
515 510 490 4 0.00103066
525 520 500 5 0.00128833
535 530 510 5 0.00128833
545 540 520 5 0.00128833
555 550 530 2 0.000515331
565 560 540 1 0.000257666
575 570 550 2 0.000515331
585 580 560 2 0.000515331
595 590 570 2 0.000515331
605 600 580 1 0.000257666
615 610 590 1 0.000257666
625 620 600 3 0.000772997
635 630 610 2 0.000515331
645 640 620 1 0.000257666
655 650 630 1 0.000257666
665 660 640 2 0.000515331
675 670 650 1 0.000257666
685 680 660 2 0.000515331
695 690 670 3 0.000772997
705 700 680 1 0.000257666
715 710 690 1 0.000257666
725 720 700 1 0.000257666
735 730 710 2 0.000515331
745 740 720 1 0.000257666
755 750 730 0 0
765 760 740 1 0.000257666
775 770 750 0 0
785 780 760 1 0.000257666
795 790 770 0 0
805 800 780 2 0.000515331
815 810 790 1 0.000257666
825 820 800 0 0
835 830 810 0 0
845 840 820 1 0.000257666
855 850 830 0 0
865 860 840 0 0
875 870 850 0 0
885 880 860 1 0.000257666
895 890 870 0 0
905 900 880 0 0
915 910 890 0 0
925 920 900 0 0
935 930 910 0 0
945 940 920 0 0
955 950 930 0 0
965 960 940 0 0
975 970 950 0 0
985 980 960 0 0
995 990 970 0 0
1005 1000 980 0 0
1015 1010 990 0 0
1025 1020 1000 0 0
1035 1030 1010 0 0
1045 1040 1020 0 0
1055 1050 1030 0 0
1065 1060 1040 0 0
1075 1070 1050 0 0
1085 1080 1060 0 0
1095 1090 1070 0 0
1105 1100 1080 0 0
1115 1110 1090 0 0
1125 1120 1100 0 0
1135 1130 1110 0 0
1145 1140 1120 0 0
1155 1150 1130 0 0
1165 1160 1140 0 0
1175 1170 1150 0 0
1185 1180 1160 0 0
1195 1190 1170 0 0
1205 1200 1180 0 0
1215 1210 1190 0 0
1225 1220 1200 0 0
1235 1230 1210 0 0
1245 1240 1220 0 0
1255 1250 1230 0 0
1265 1260 1240 0 0
1275 1270 1250 0 0
1285 1280 1260 0 0
1295 1290 1270 0 0
1305 1300 1280 0 0
1315 1310 1290 0 0
1325 1320 1300 0 0
1335 1330 1310 0 0
1345 1340 1320 0 0
1355 1350 1330 0 0
1365 1360 1340 0 0
1375 1370 1350 0 0
1385 1380 1360 0 0
1395 1390 1370 0 0
1405 1400 1380 0 0
1415 1410 1390 1 0.000257666
1425 1420 1400 0 0
1435 1430 1410 0 0
1445 1440 1420 1 0.000257666
1455 1450 1430 0 0
1465 1460 1440 0 0
1475 1470 1450 0 0
1485 1480 1460 0 0
1495 1490 1470 0 0
1505 1500 1480 1 0.000257666
1515 1510 1490 0 0
1525 1520 1500 0 0
1535 1530 1510 0 0
1545 1540 1520 0 0
1555 1550 1530 0 0
1565 1560 1540 0 0
1575 1570 1550 0 0
1585 1580 1560 0 0
1595 1590 1570 0 0
1605 1600 1580 0 0
1615 1610 1590 0 0
1625 1620 1600 0 0
1635 1630 1610 0 0
1645 1640 1620 0 0
1655 1650 1630 0 0
1665 1660 1640 0 0
1675 1670 1650 0 0
1685 1680 1660 0 0
1695 1690 1670 1 0.000257666
1705 1700 1680 0 0
1715 1710 1690 0 0
